1748304000000000,109478.01000000,109496.80000000,109442.01000000,109442.01000000,0.60317000,1748304059999999,66031.73449480,360,0.31885000,34907.69675480,0
1748304060000000,109442.00000000,109460.00000000,109434.01000000,109460.00000000,0.74619000,1748304119999999,81663.96125130,292,0.52150000,57074.07457270,0
1748304120000000,109460.00000000,109466.00000000,109402.29000000,109460.06000000,1.81342000,1748304179999999,198470.39067490,485,0.58071000,63550.66722950,0
1748304180000000,109460.07000000,109494.00000000,109410.00000000,109410.00000000,2.84441000,1748304239999999,311366.45042550,608,0.76558000,83810.73349580,0
1748304240000000,109410.00000000,109422.00000000,109394.00000000,109394.00000000,0.77600000,1748304299999999,84901.40544030,305,0.18298000,20019.42498270,0
1748304300000000,109394.01000000,109457.99000000,109394.01000000,109453.99000000,0.80903000,1748304359999999,88527.56351250,315,0.73993000,80964.97333410,0
1748304360000000,109453.99000000,109453.99000000,109396.01000000,109414.88000000,0.58627000,1748304419999999,64145.13810510,270,0.35168000,38475.86525420,0
1748304420000000,109417.04000000,109441.99000000,109378.00000000,109441.99000000,1.18610000,1748304479999999,129761.09256650,291,0.76316000,83493.06684540,0
1748304480000000,109444.18000000,109466.00000000,109408.01000000,109434.00000000,2.60877000,1748304539999999,285485.96354980,620,0.30248000,33098.47963500,0
1748304540000000,109434.00000000,109482.00000000,109434.00000000,109482.00000000,1.77566000,1748304599999999,194376.29444880,299,0.40494000,44326.78928490,0
1748304600000000,109482.77000000,109484.00000000,109438.01000000,109483.99000000,2.82919000,1748304659999999,309661.28696830,282,1.83898000,201277.43621580,0
1748304660000000,109484.00000000,109535.99000000,109484.00000000,109528.02000000,1.41610000,1748304719999999,155081.49070090,363,0.35148000,38488.29161550,0
1748304720000000,109528.01000000,109545.35000000,109524.00000000,109526.01000000,0.68197000,1748304779999999,74696.16185900,178,0.17770000,19463.91693400,0
1748304780000000,109526.00000000,109530.00000000,109518.00000000,109519.98000000,0.73714000,1748304839999999,80735.72329080,76,0.04740000,5191.37235900,0
1748304840000000,109519.99000000,109566.00000000,109519.99000000,109539.24000000,4.11502000,1748304899999999,450804.65963860,330,0.91202000,99903.14383040,0
1748304900000000,109541.99000000,109623.98000000,109541.99000000,109611.99000000,4.51020000,1748304959999999,494240.48609050,451,3.89192000,426464.82955130,0
1748304960000000,109611.99000000,109644.00000000,109604.01000000,109644.00000000,1.25412000,1748305019999999,137487.73812560,401,1.09800000,120372.12297280,0
1748305020000000,109644.00000000,109676.00000000,109644.00000000,109675.59000000,1.48248000,1748305079999999,162570.03912280,327,0.83295000,91336.91928930,0
1748305080000000,109674.00000000,109714.28000000,109592.50000000,109592.50000000,5.44055000,1748305139999999,596676.07159290,771,2.43260000,266817.24849640,0
1748305140000000,109592.50000000,109592.50000000,109504.00000000,109524.00000000,3.83887000,1748305199999999,420533.43129740,534,1.79845000,196987.13131380,0
1748305200000000,109523.99000000,109523.99000000,109396.00000000,109396.01000000,1.52771000,1748305259999999,167221.15284780,571,0.24588000,26915.49281950,0
1748305260000000,109396.00000000,109409.54000000,109372.01000000,109400.01000000,1.41941000,1748305319999999,155261.34121820,330,0.97864000,107046.32807290,0
1748305320000000,109400.00000000,109400.00000000,109347.18000000,109347.19000000,1.11711000,1748305379999999,122189.53599130,335,0.40947000,44785.33848420,0
1748305380000000,109347.19000000,109475.99000000,109347.19000000,109463.21000000,2.86397000,1748305439999999,313371.37691350,701,2.38022000,260419.91301070,0
1748305440000000,109462.01000000,109507.99000000,109450.01000000,109472.01000000,1.36210000,1748305499999999,149129.44278420,340,0.72365000,79220.39545150,0
1748305500000000,109472.01000000,109498.00000000,109450.00000000,109450.00000000,1.75455000,1748305559999999,192086.55227170,301,0.77948000,85331.39921390,0
1748305560000000,109450.01000000,109462.00000000,109433.28000000,109456.01000000,0.59715000,1748305619999999,65355.62256850,269,0.29621000,32419.76925170,0
1748305620000000,109456.00000000,109456.00000000,109407.34000000,109427.96000000,0.16715000,1748305679999999,18290.86337850,293,0.02367000,2589.87523460,0
1748305680000000,109427.97000000,109427.97000000,109416.01000000,109417.98000000,0.11053000,1748305739999999,12094.71940920,66,0.02179000,2384.18735260,0
1748305740000000,109417.99000000,109433.98000000,109417.99000000,109418.00000000,0.24776000,1748305799999999,27111.53355460,148,0.23716000,25951.66840220,0
1748305800000000,109418.01000000,109428.00000000,109375.92000000,109375.92000000,1.24750000,1748305859999999,136498.05975680,253,0.04873000,5331.60913430,0
1748305860000000,109375.92000000,109390.00000000,109366.55000000,109390.00000000,0.54508000,1748305919999999,59620.31806930,194,0.52931000,57895.46507310,0
1748305920000000,109390.00000000,109401.99000000,109360.01000000,109362.00000000,1.51280000,1748305979999999,165454.38164330,363,0.16405000,17946.05241930,0
1748305980000000,109362.00000000,109372.00000000,109359.91000000,109360.01000000,0.63378000,1748306039999999,69313.41864270,147,0.43392000,47455.95042070,0
1748306040000000,109360.00000000,109368.00000000,109346.00000000,109362.02000000,0.38471000,1748306099999999,42070.29228470,234,0.28821000,31517.45040650,0
1748306100000000,109362.01000000,109366.00000000,109354.02000000,109360.07000000,0.45985000,1748306159999999,50288.94928360,177,0.31775000,34748.86174340,0
1748306160000000,109360.08000000,109362.00000000,109326.00000000,109326.00000000,0.15884000,1748306219999999,17366.54570050,223,0.00639000,698.81315640,0
1748306220000000,109326.01000000,109343.14000000,109326.01000000,109343.14000000,0.36636000,1748306279999999,40055.27815350,148,0.32366000,35386.63816970,0
1748306280000000,109343.13000000,109410.00000000,109343.13000000,109397.99000000,1.83914000,1748306339999999,201191.59356980,378,0.67419000,73735.86253780,0
1748306340000000,109400.17000000,109411.08000000,109330.01000000,109330.01000000,0.35948000,1748306399999999,39321.66989020,396,0.02933000,3208.88510870,0
1748306400000000,109330.01000000,109341.99000000,109281.00000000,109281.01000000,1.31165000,1748306459999999,143372.37136910,436,0.30970000,33859.31402340,0
1748306460000000,109281.00000000,109291.94000000,109277.00000000,109291.94000000,0.94632000,1748306519999999,103415.21622460,142,0.53240000,58181.52456720,0
1748306520000000,109288.82000000,109338.28000000,109288.82000000,109332.01000000,2.54888000,1748306579999999,278628.71153840,197,1.93390000,211391.15785200,0
1748306580000000,109332.01000000,109342.33000000,109306.01000000,109306.01000000,0.25036000,1748306639999999,27372.10165920,167,0.05413000,5918.48132980,0
1748306640000000,109306.01000000,109331.99000000,109306.01000000,109312.00000000,0.26244000,1748306699999999,28688.22251650,168,0.18645000,20381.21566210,0
1748306700000000,109312.00000000,109312.00000000,109282.01000000,109312.00000000,0.83088000,1748306759999999,90816.06182750,196,0.30194000,32998.92148460,0
1748306760000000,109312.00000000,109358.00000000,109312.00000000,109344.02000000,1.14163000,1748306819999999,124829.65269650,201,0.33607000,36744.45566830,0
1748306820000000,109344.03000000,109344.03000000,109277.23000000,109277.24000000,0.89894000,1748306879999999,98263.18792400,176,0.00321000,350.82792900,0
1748306880000000,109277.24000000,109292.01000000,109268.00000000,109289.99000000,1.84611000,1748306939999999,201742.73814780,239,0.85163000,93068.77385540,0
1748306940000000,109289.99000000,109289.99000000,109266.00000000,109273.99000000,0.13568000,1748306999999999,14826.56169340,168,0.01191000,1301.42718390,0
1748307000000000,109274.00000000,109274.00000000,109262.01000000,109262.02000000,0.65269000,1748307059999999,71318.44166470,102,0.03222000,3520.73145920,0
1748307060000000,109262.02000000,109264.00000000,109216.01000000,109245.03000000,1.52633000,1748307119999999,166743.87542980,376,0.45938000,50179.67895330,0
1748307120000000,109245.03000000,109264.00000000,109238.01000000,109238.01000000,0.34726000,1748307179999999,37939.16198600,158,0.11525000,12591.23358870,0
1748307180000000,109238.02000000,109286.00000000,109238.02000000,109286.00000000,0.61375000,1748307239999999,67059.83735110,192,0.60687000,66308.02548380,0
1748307240000000,109286.00000000,109305.99000000,109286.00000000,109305.99000000,0.14137000,1748307299999999,15450.97199790,130,0.14090000,15399.60066260,0
1748307300000000,109306.00000000,109309.98000000,109222.01000000,109222.01000000,0.67512000,1748307359999999,73770.39825890,304,0.00607000,663.26537520,0
1748307360000000,109222.00000000,109246.01000000,109219.91000000,109219.92000000,1.78450000,1748307419999999,194925.50108210,253,0.39905000,43585.86408070,0
1748307420000000,109219.91000000,109223.04000000,109200.02000000,109200.02000000,0.97977000,1748307479999999,107005.76780400,195,0.41384000,45197.64004780,0
1748307480000000,109200.01000000,109205.99000000,109192.00000000,109192.01000000,0.61181000,1748307539999999,66809.98891150,164,0.46498000,50776.66143880,0
1748307540000000,109192.01000000,109196.00000000,109169.33000000,109186.00000000,2.38740000,1748307599999999,260652.81697540,283,1.17408000,128185.48968040,0
1748307600000000,109185.99000000,109186.48000000,109158.98000000,109160.81000000,0.60808000,1748307659999999,66383.03819780,296,0.27078000,29560.09397630,0
1748307660000000,109160.81000000,109178.00000000,109138.00000000,109138.01000000,0.74262000,1748307719999999,81061.00122140,268,0.19728000,21536.31048530,0
1748307720000000,109138.01000000,109153.19000000,109121.98000000,109148.01000000,0.71891000,1748307779999999,78456.90531400,369,0.51500000,56203.49328360,0
1748307780000000,109148.00000000,109148.00000000,109054.41000000,109054.41000000,2.72934000,1748307839999999,297718.47345010,730,0.53759000,58637.51929070,0
1748307840000000,109054.41000000,109054.41000000,109006.00000000,109006.01000000,3.99240000,1748307899999999,435311.88660660,417,0.31964000,34849.18988850,0
1748307900000000,109006.01000000,109026.50000000,108954.90000000,109026.50000000,6.10944000,1748307959999999,665900.72098110,1059,2.99342000,326260.63459670,0
1748307960000000,109026.50000000,109029.99000000,108934.38000000,108970.39000000,4.67557000,1748308019999999,509427.64311580,852,0.42956000,46807.85597210,0
1748308020000000,108972.00000000,109042.00000000,108950.00000000,109026.00000000,3.39165000,1748308079999999,369617.70202320,561,2.61420000,284881.41233380,0
1748308080000000,109026.01000000,109030.51000000,108990.00000000,109004.02000000,1.00186000,1748308139999999,109211.66483080,424,0.40152000,43767.41907020,0
1748308140000000,109004.02000000,109060.70000000,108974.96000000,108974.96000000,2.93323000,1748308199999999,319830.19891890,588,2.00898000,219054.71171580,0
1748308200000000,108971.31000000,109043.20000000,108931.69000000,108945.64000000,5.06721000,1748308259999999,552254.42517380,971,1.87417000,204242.07718460,0
1748308260000000,108945.64000000,108992.60000000,108942.01000000,108982.01000000,4.02672000,1748308319999999,438745.86212670,548,3.44062000,374880.48001480,0
1748308320000000,108982.00000000,109027.99000000,108956.00000000,109018.01000000,0.94453000,1748308379999999,102940.90146670,553,0.44353000,48334.23793170,0
1748308380000000,109018.00000000,109018.00000000,108931.69000000,108965.82000000,1.87891000,1748308439999999,204707.87583390,659,0.57037000,62140.85548020,0
1748308440000000,108965.82000000,108974.00000000,108742.00000000,108778.00000000,16.30539000,1748308499999999,1774175.41263780,2549,3.82205000,415757.92934040,0
1748308500000000,108778.04000000,108789.99000000,108413.29000000,108428.58000000,25.80868000,1748308559999999,2802704.52548480,4742,6.67637000,724929.25405660,0
1748308560000000,108426.01000000,108534.39000000,108385.99000000,108509.99000000,14.22008000,1748308619999999,1542104.02398050,2723,5.62576000,610071.25334170,0
1748308620000000,108510.00000000,108595.99000000,108378.53000000,108378.54000000,4.94351000,1748308679999999,536224.94144750,1416,1.08067000,117282.57487170,0
1748308680000000,108378.54000000,108415.99000000,108259.80000000,108399.66000000,12.35750000,1748308739999999,1338602.32157010,2842,5.04665000,546651.80777030,0
1748308740000000,108399.64000000,108424.00000000,108155.72000000,108196.22000000,17.29152000,1748308799999999,1872153.92820670,2463,3.89628000,421893.82593250,0
1748308800000000,108196.21000000,108223.99000000,107918.62000000,107941.02000000,23.02088000,1748308859999999,2487425.99422140,3774,6.83267000,738300.04387840,0
1748308860000000,107941.02000000,108037.99000000,107849.32000000,107964.00000000,28.45146000,1748308919999999,3070605.82910850,3092,12.21391000,1318268.39060120,0
1748308920000000,107970.80000000,107970.80000000,107671.71000000,107698.99000000,29.03732000,1748308979999999,3129873.28804070,4309,10.74065000,1157649.53050410,0
1748308980000000,107707.98000000,107870.50000000,107586.54000000,107688.16000000,27.35881000,1748309039999999,2947674.71440970,3807,11.42140000,1230562.70235200,0
1748309040000000,107689.99000000,108096.28000000,107547.13000000,108070.00000000,26.01451000,1748309099999999,2804900.89198130,4541,15.95591000,1720741.26856650,0
1748309100000000,108070.01000000,108079.99000000,107896.94000000,107974.00000000,6.70615000,1748309159999999,724232.22564120,1748,4.14582000,447714.91064620,0
1748309160000000,107974.00000000,108091.99000000,107948.00000000,108077.99000000,3.74851000,1748309219999999,404897.86490090,1193,1.45153000,156786.81662740,0
1748309220000000,108079.99000000,108370.03000000,108079.99000000,108326.01000000,16.70343000,1748309279999999,1808200.92839670,2535,13.07000000,1414864.81775790,0
1748309280000000,108325.93000000,108387.74000000,108253.99000000,108340.68000000,5.06794000,1748309339999999,548915.32108810,1344,2.06161000,223307.41280510,0
1748309340000000,108334.69000000,108414.00000000,108292.01000000,108387.99000000,5.94348000,1748309399999999,644094.40220170,1162,1.18433000,128335.88264990,0
1748309400000000,108387.99000000,108582.38000000,108311.84000000,108548.81000000,13.78915000,1748309459999999,1496023.38962950,2142,9.61467000,1043109.82763120,0
1748309460000000,108548.80000000,108591.04000000,108462.00000000,108572.36000000,6.74103000,1748309519999999,731609.66164850,1571,2.86912000,311405.78461040,0
1748309520000000,108575.99000000,108611.08000000,108522.57000000,108574.00000000,4.64277000,1748309579999999,504100.80276720,1180,1.81677000,197236.48808800,0
1748309580000000,108574.00000000,108617.43000000,108530.78000000,108599.99000000,2.41671000,1748309639999999,262421.58953070,691,1.19162000,129386.76309640,0
1748309640000000,108599.99000000,108676.84000000,108572.01000000,108598.01000000,3.05334000,1748309699999999,331680.06420580,952,1.74586000,189645.05554760,0
1748309700000000,108596.01000000,108672.00000000,108586.01000000,108651.20000000,5.16481000,1748309759999999,561042.50344080,488,2.38618000,259164.65068430,0
1748309760000000,108650.03000000,108650.03000000,108492.00000000,108492.00000000,5.41420000,1748309819999999,587842.88211600,645,2.10932000,228999.46991330,0
1748309820000000,108492.01000000,108574.96000000,108484.01000000,108522.01000000,2.73755000,1748309879999999,297106.41722280,663,1.63256000,177161.55707120,0
1748309880000000,108518.89000000,108518.89000000,108434.00000000,108438.41000000,4.55311000,1748309939999999,493814.81601960,603,1.35072000,146490.18657020,0
1748309940000000,108438.41000000,108514.00000000,108438.41000000,108480.01000000,5.17238000,1748309999999999,560963.19017990,437,4.53028000,491306.94151160,0
1748310000000000,108480.01000000,108541.11000000,108456.91000000,108492.01000000,5.05797000,1748310059999999,548734.16806970,463,3.50689000,380439.15964880,0
1748310060000000,108492.00000000,108499.99000000,108426.01000000,108426.01000000,2.39992000,1748310119999999,260311.48915460,553,1.50769000,163527.76411340,0
1748310120000000,108426.00000000,108426.00000000,108276.52000000,108276.52000000,6.62713000,1748310179999999,718042.20513310,782,1.09129000,118223.61295650,0
1748310180000000,108276.51000000,108340.28000000,108239.79000000,108340.28000000,4.08531000,1748310239999999,442289.15511820,737,1.27524000,138064.79077140,0
1748310240000000,108340.28000000,108405.99000000,108306.01000000,108398.01000000,1.95169000,1748310299999999,211487.15298360,560,0.70104000,75961.32982680,0
1748310300000000,108398.01000000,108444.54000000,108334.81000000,108398.00000000,2.01828000,1748310359999999,218773.36383660,682,1.32463000,143579.86291170,0
1748310360000000,108400.01000000,108412.00000000,108212.52000000,108213.98000000,7.32333000,1748310419999999,792985.77195340,968,1.72904000,187237.84873970,0
1748310420000000,108213.98000000,108304.00000000,108213.98000000,108280.02000000,1.69521000,1748310479999999,183558.46188340,351,1.16327000,125951.38445510,0
1748310480000000,108280.02000000,108430.14000000,108272.01000000,108370.00000000,5.31116000,1748310539999999,575522.08845660,838,4.11599000,445985.49654430,0
1748310540000000,108368.01000000,108445.99000000,108342.01000000,108415.99000000,3.26805000,1748310599999999,354292.75508830,934,1.09266000,118445.70913300,0
1748310600000000,108416.00000000,108440.97000000,108392.01000000,108424.01000000,1.24092000,1748310659999999,134536.61388520,384,0.56304000,61040.83131730,0
1748310660000000,108424.01000000,108445.99000000,108348.00000000,108348.00000000,2.92740000,1748310719999999,317332.34907310,447,0.48931000,53056.15238650,0
1748310720000000,108346.00000000,108352.00000000,108231.84000000,108313.99000000,6.04476000,1748310779999999,654497.25472550,655,1.84754000,200012.77239310,0
1748310780000000,108313.99000000,108371.65000000,108313.99000000,108371.65000000,1.38766000,1748310839999999,150337.52414530,681,1.05820000,114642.07586570,0
1748310840000000,108371.66000000,108388.00000000,108354.00000000,108379.38000000,1.88293000,1748310899999999,204058.56334710,321,1.23487000,133828.00581690,0
1748310900000000,108382.22000000,108392.35000000,108306.00000000,108306.01000000,1.26748000,1748310959999999,137328.14010300,393,0.05282000,5722.56665790,0
1748310960000000,108306.01000000,108341.99000000,108266.73000000,108303.99000000,1.87315000,1748311019999999,202879.49119540,552,0.65766000,71230.70149040,0
1748311020000000,108304.00000000,108376.58000000,108304.00000000,108376.58000000,1.63337000,1748311079999999,176974.06788800,421,1.13458000,122927.61916370,0
1748311080000000,108376.58000000,108453.72000000,108376.58000000,108436.00000000,2.14359000,1748311139999999,232430.13839490,525,0.76536000,82983.72370940,0
1748311140000000,108436.00000000,108450.00000000,108404.00000000,108431.97000000,1.36195000,1748311199999999,147677.21302670,417,0.56378000,61128.61092520,0
1748311200000000,108431.97000000,108454.00000000,108350.02000000,108422.01000000,2.31246000,1748311259999999,250675.18024910,1076,1.46832000,159163.56635830,0
1748311260000000,108422.01000000,108477.99000000,108400.01000000,108472.00000000,0.75732000,1748311319999999,82126.68858450,338,0.47036000,51010.64237990,0
1748311320000000,108472.00000000,108548.48000000,108434.00000000,108541.99000000,2.91311000,1748311379999999,316100.38905810,804,1.51846000,164767.06119260,0
1748311380000000,108541.99000000,108573.18000000,108509.91000000,108542.00000000,5.02108000,1748311439999999,544999.90002680,505,1.76792000,191907.52981740,0
1748311440000000,108542.00000000,108542.00000000,108426.00000000,108438.40000000,3.67218000,1748311499999999,398484.00199910,630,0.80686000,87539.45804950,0
1748311500000000,108438.40000000,108438.40000000,108356.70000000,108363.69000000,2.17071000,1748311559999999,235288.84566650,420,0.84902000,92019.81892490,0
1748311560000000,108363.70000000,108480.00000000,108363.70000000,108453.55000000,5.84660000,1748311619999999,633914.37403340,652,4.45409000,482886.28194480,0
1748311620000000,108453.55000000,108468.00000000,108400.01000000,108400.01000000,1.45514000,1748311679999999,157802.92972800,521,0.53894000,58447.68558830,0
1748311680000000,108400.00000000,108450.00000000,108356.69000000,108450.00000000,2.15813000,1748311739999999,233948.78760720,630,1.40245000,152043.00942720,0
1748311740000000,108449.99000000,108451.61000000,108402.01000000,108431.36000000,1.31039000,1748311799999999,142075.79255340,430,0.70186000,76090.72801510,0
1748311800000000,108431.37000000,108431.37000000,108342.00000000,108342.00000000,4.18221000,1748311859999999,453282.05132150,447,0.30400000,32958.67172140,0
1748311860000000,108342.00000000,108354.44000000,108318.13000000,108354.44000000,1.64438000,1748311919999999,178127.53533890,370,1.44088000,156081.55575950,0
1748311920000000,108354.43000000,108358.00000000,108326.00000000,108346.02000000,1.19686000,1748311979999999,129673.34209710,366,0.61488000,66614.00539340,0
1748311980000000,108346.02000000,108404.72000000,108346.02000000,108404.72000000,0.45645000,1748312039999999,49462.00574510,233,0.45253000,49037.10772390,0
1748312040000000,108404.73000000,108439.53000000,108402.00000000,108406.00000000,1.45134000,1748312099999999,157354.17645870,329,0.91030000,98697.22090200,0
1748312100000000,108406.01000000,108433.12000000,108358.01000000,108433.12000000,2.14649000,1748312159999999,232645.13844280,757,1.27538000,138228.33726570,0
1748312160000000,108433.26000000,108509.46000000,108412.00000000,108412.00000000,1.70083000,1748312219999999,184495.73065550,638,0.41336000,44835.39139340,0
1748312220000000,108412.00000000,108412.00000000,108334.01000000,108356.01000000,1.32864000,1748312279999999,143970.13558650,582,0.53557000,58023.82067000,0
1748312280000000,108356.00000000,108364.00000000,108289.03000000,108335.76000000,2.30573000,1748312339999999,249764.90093950,542,0.28274000,30623.87485700,0
1748312340000000,108335.76000000,108410.45000000,108335.76000000,108410.45000000,1.08487000,1748312399999999,117589.63152180,434,0.58413000,63307.44394150,0
1748312400000000,108411.06000000,108411.99000000,108372.00000000,108376.02000000,0.90603000,1748312459999999,98209.11215270,349,0.15479000,16776.67285590,0
1748312460000000,108376.01000000,108418.00000000,108335.76000000,108410.00000000,1.33340000,1748312519999999,144504.37001630,482,0.95284000,103254.60575860,0
1748312520000000,108410.01000000,108434.00000000,108400.00000000,108433.99000000,0.93388000,1748312579999999,101248.16535760,366,0.39558000,42884.61047950,0
1748312580000000,108434.00000000,108538.49000000,108434.00000000,108538.49000000,3.39469000,1748312639999999,368323.10473830,564,2.53055000,274559.46929680,0
1748312640000000,108538.49000000,108538.50000000,108538.01000000,108538.49000000,0.11404000,1748312699999999,12377.71624810,52,0.09621000,10442.47676840,0
1748312700000000,108538.49000000,108538.49000000,108506.01000000,108518.00000000,0.16555000,1748312759999999,17966.03712440,188,0.05540000,6011.62743220,0
1748312760000000,108518.00000000,108646.92000000,108518.00000000,108636.00000000,5.00084000,1748312819999999,543121.54836680,832,3.99455000,433819.39709410,0
1748312820000000,108635.99000000,108642.00000000,108526.00000000,108559.99000000,4.13706000,1748312879999999,449229.77271690,784,0.34404000,37354.05737660,0
1748312880000000,108560.00000000,108612.18000000,108560.00000000,108612.18000000,1.09585000,1748312939999999,118993.39190020,289,1.02832000,111660.32348980,0
1748312940000000,108612.00000000,108618.00000000,108600.01000000,108618.00000000,0.19851000,1748312999999999,21560.06571370,171,0.18047000,19600.69809660,0
1748313000000000,108618.00000000,108622.16000000,108584.00000000,108609.99000000,0.60205000,1748313059999999,65380.21189020,271,0.42241000,45871.77821370,0
1748313060000000,108609.99000000,108615.99000000,108584.01000000,108607.99000000,0.80731000,1748313119999999,87676.35429510,384,0.55418000,60184.51976980,0
1748313120000000,108607.98000000,108607.99000000,108583.91000000,108599.98000000,0.32734000,1748313179999999,35548.42282340,217,0.12786000,13884.95604650,0
1748313180000000,108599.98000000,108623.19000000,108589.92000000,108622.01000000,0.31281000,1748313239999999,33971.13736690,228,0.25936000,28166.68754310,0
1748313240000000,108622.00000000,108699.99000000,108618.01000000,108653.99000000,1.90936000,1748313299999999,207475.54112520,732,0.84435000,91733.99936740,0
1748313300000000,108654.00000000,108709.71000000,108645.65000000,108661.99000000,4.52357000,1748313359999999,491604.82913030,503,2.41847000,262836.89642840,0
1748313360000000,108662.00000000,108731.99000000,108662.00000000,108716.01000000,1.50126000,1748313419999999,163200.85495190,482,1.22990000,133696.98034650,0
1748313420000000,108712.81000000,108720.18000000,108700.00000000,108720.18000000,0.03996000,1748313479999999,4344.05172300,127,0.00723000,785.97759940,0
1748313480000000,108720.18000000,108720.18000000,108670.00000000,108676.10000000,1.73746000,1748313539999999,188829.65386100,250,0.07293000,7926.41040310,0
1748313540000000,108676.11000000,108682.49000000,108606.01000000,108627.99000000,2.73414000,1748313599999999,297055.64308760,455,0.49011000,53236.59374400,0
1748313600000000,108627.99000000,108627.99000000,108492.00000000,108508.00000000,6.07639000,1748313659999999,659635.47386800,627,1.23858000,134437.89952990,0
1748313660000000,108508.00000000,108511.99000000,108472.08000000,108482.00000000,1.20127000,1748313719999999,130330.07295860,339,0.40179000,43590.69755670,0
1748313720000000,108482.00000000,108527.99000000,108482.00000000,108527.99000000,1.40261000,1748313779999999,152203.89814720,280,1.30077000,141151.53613150,0
1748313780000000,108528.00000000,108578.00000000,108528.00000000,108556.41000000,1.41118000,1748313839999999,153193.36775980,389,0.94673000,102768.48068230,0
1748313840000000,108556.41000000,108561.99000000,108550.83000000,108561.99000000,0.66042000,1748313899999999,71689.92537210,116,0.60717000,65909.13979740,0
1748313900000000,108562.00000000,108572.00000000,108526.01000000,108527.99000000,0.21544000,1748313959999999,23386.12437640,218,0.04516000,4902.73342140,0
1748313960000000,108527.99000000,108546.00000000,108518.75000000,108546.00000000,0.80854000,1748314019999999,87744.76774620,173,0.78293000,84965.41358390,0
1748314020000000,108545.99000000,108545.99000000,108482.96000000,108482.96000000,1.35894000,1748314079999999,147467.57024380,234,0.40427000,43872.49088500,0
1748314080000000,108482.95000000,108482.96000000,108403.88000000,108432.00000000,3.03042000,1748314139999999,328659.14921160,483,0.48749000,52852.76007590,0
1748314140000000,108431.99000000,108431.99000000,108396.00000000,108416.00000000,2.44251000,1748314199999999,264790.37235570,265,0.48005000,52036.14070010,0
1748314200000000,108415.99000000,108415.99000000,108131.34000000,108131.35000000,12.14420000,1748314259999999,1314440.23094520,1859,2.51606000,272327.08059460,0
1748314260000000,108131.35000000,108161.98000000,107984.01000000,107985.99000000,17.72684000,1748314319999999,1915920.98964360,3272,6.58400000,711478.53998430,0
1748314320000000,107985.98000000,108053.99000000,107926.99000000,108053.99000000,6.16422000,1748314379999999,665629.51850700,1743,2.88370000,311373.25746030,0
1748314380000000,108053.99000000,108181.99000000,108053.99000000,108181.99000000,8.68545000,1748314439999999,938983.95597070,1050,5.16689000,558619.06752480,0
1748314440000000,108181.99000000,108289.19000000,108181.99000000,108265.82000000,5.79832000,1748314499999999,627560.67743580,920,4.21904000,456631.43913440,0
1748314500000000,108265.82000000,108299.44000000,108206.01000000,108271.99000000,5.26514000,1748314559999999,569942.28331800,878,3.18303000,344529.14408180,0
1748314560000000,108272.00000000,108316.46000000,108228.91000000,108316.46000000,5.49572000,1748314619999999,595048.35150860,640,4.23728000,458783.04758650,0
1748314620000000,108317.86000000,108328.94000000,108264.01000000,108317.99000000,3.06888000,1748314679999999,332377.71647780,617,1.77477000,192219.32782230,0
1748314680000000,108318.00000000,108340.88000000,108306.03000000,108320.00000000,6.01650000,1748314739999999,651742.54970800,713,2.72986000,295706.84458750,0
1748314740000000,108320.00000000,108320.00000000,108298.01000000,108312.41000000,1.18616000,1748314799999999,128469.30205500,247,0.33926000,36741.59677150,0
1748314800000000,108312.41000000,108402.05000000,108310.01000000,108402.05000000,4.54077000,1748314859999999,491920.05806140,1005,3.92691000,425410.99755900,0
1748314860000000,108402.49000000,108448.00000000,108323.97000000,108412.53000000,8.82543000,1748314919999999,956645.69146940,1007,2.91835000,316278.54269890,0
1748314920000000,108414.54000000,108478.25000000,108414.54000000,108470.77000000,3.89116000,1748314979999999,421986.23639960,673,3.00652000,326040.52167250,0
1748314980000000,108470.78000000,108630.06000000,108470.78000000,108630.06000000,8.31706000,1748315039999999,903013.76675610,1654,5.69870000,618672.65148510,0
1748315040000000,108630.07000000,108660.00000000,108542.00000000,108542.00000000,6.74330000,1748315099999999,732407.36103840,1071,1.59757000,173540.33416970,0
1748315100000000,108542.01000000,108804.18000000,108529.23000000,108804.18000000,7.51855000,1748315159999999,816988.20190580,1897,5.74794000,624539.82829750,0
1748315160000000,108804.96000000,108839.00000000,108678.56000000,108715.75000000,13.87404000,1748315219999999,1509549.47260900,1120,11.42272000,1242956.62633170,0
1748315220000000,108715.75000000,108789.00000000,108708.01000000,108789.00000000,5.73050000,1748315279999999,623301.59685370,363,4.82977000,525343.88275270,0
1748315280000000,108788.99000000,108788.99000000,108685.86000000,108750.01000000,5.65056000,1748315339999999,614332.86991820,548,1.53016000,166412.87580940,0
1748315340000000,108750.01000000,108811.99000000,108738.00000000,108754.01000000,3.44024000,1748315399999999,374228.10172840,736,2.01978000,219715.29456060,0
1748315400000000,108754.01000000,108754.01000000,108716.00000000,108749.98000000,1.99042000,1748315459999999,216419.04012060,527,1.17440000,127684.75584010,0
1748315460000000,108749.99000000,108805.99000000,108734.89000000,108805.99000000,3.38640000,1748315519999999,368280.06548430,470,1.20171000,130690.51627070,0
1748315520000000,108805.99000000,109053.65000000,108805.99000000,109040.40000000,12.96701000,1748315579999999,1412852.50738510,2532,9.33874000,1017472.27363580,0
1748315580000000,109040.02000000,109097.64000000,108958.00000000,109075.99000000,8.60542000,1748315639999999,938367.83266470,1277,5.25325000,572891.20163110,0
1748315640000000,109077.13000000,109083.98000000,108958.00000000,108967.31000000,2.35392000,1748315699999999,256543.88304940,576,1.14918000,125235.01323740,0
1748315700000000,108969.99000000,109056.00000000,108969.99000000,109037.99000000,5.41492000,1748315759999999,590266.06183930,1133,4.08636000,445436.95912980,0
1748315760000000,109038.00000000,109116.07000000,108982.02000000,109024.01000000,4.37941000,1748315819999999,477598.41019240,1009,3.38473000,369124.33932630,0
1748315820000000,109024.00000000,109348.87000000,108980.01000000,109206.00000000,13.77255000,1748315879999999,1503909.95034620,2893,8.69595000,949612.92787590,0
1748315880000000,109205.99000000,109246.69000000,109161.94000000,109161.94000000,3.71351000,1748315939999999,405532.61319670,765,2.93720000,320748.54721820,0
1748315940000000,109161.93000000,109252.77000000,109117.75000000,109222.00000000,6.46085000,1748315999999999,705367.71039940,930,5.04127000,550379.71210250,0
1748316000000000,109220.01000000,109220.01000000,109018.16000000,109023.99000000,9.54083000,1748316059999999,1040905.91529890,989,2.78780000,304173.07790090,0
1748316060000000,109023.99000000,109033.22000000,108978.70000000,109013.99000000,5.26547000,1748316119999999,573952.90377930,623,2.85457000,311153.36049130,0
1748316120000000,109014.00000000,109014.00000000,108975.79000000,108999.99000000,2.87356000,1748316179999999,313180.85559820,311,2.15599000,234966.48916400,0
1748316180000000,108999.99000000,108999.99000000,108968.01000000,108980.00000000,0.62281000,1748316239999999,67876.54211910,291,0.39528000,43079.97489650,0
1748316240000000,108980.00000000,109000.00000000,108976.00000000,108976.00000000,0.75180000,1748316299999999,81942.79916830,268,0.11336000,12354.58848300,0
1748316300000000,108976.00000000,108988.00000000,108974.00000000,108976.01000000,0.54283000,1748316359999999,59156.14625380,196,0.06702000,7303.59690960,0
1748316360000000,108976.01000000,108987.11000000,108974.01000000,108984.01000000,0.74503000,1748316419999999,81191.28790810,155,0.65760000,71662.92695430,0
1748316420000000,108984.00000000,108995.98000000,108942.07000000,108961.99000000,1.95007000,1748316479999999,212518.85143510,496,0.54731000,59629.53858220,0
1748316480000000,108961.99000000,108974.50000000,108934.00000000,108936.20000000,1.03562000,1748316539999999,112833.32567360,262,0.53909000,58736.70843820,0
1748316540000000,108939.11000000,108994.49000000,108934.01000000,108936.01000000,2.55932000,1748316599999999,278871.82925280,368,1.12429000,122503.33487840,0
1748316600000000,108937.41000000,108947.99000000,108911.61000000,108933.99000000,1.97947000,1748316659999999,215633.41846740,599,0.51003000,55558.61981900,0
1748316660000000,108934.00000000,108961.99000000,108914.00000000,108951.99000000,3.79725000,1748316719999999,413642.74806930,698,1.93203000,210465.16732160,0
1748316720000000,108952.00000000,108981.99000000,108952.00000000,108956.00000000,1.28170000,1748316779999999,139675.87072880,350,0.19801000,21576.38150620,0
1748316780000000,108956.01000000,109062.26000000,108956.01000000,109002.01000000,7.02915000,1748316839999999,766229.00944390,736,5.78702000,630791.50918560,0
1748316840000000,109002.01000000,109077.91000000,109000.00000000,109062.01000000,3.89146000,1748316899999999,424297.79449030,253,3.33670000,363795.61352620,0
1748316900000000,109062.00000000,109062.00000000,108972.01000000,108981.99000000,4.22290000,1748316959999999,460310.89555290,584,0.33763000,36798.73528750,0
1748316960000000,108982.00000000,108999.98000000,108976.01000000,108989.99000000,0.69619000,1748317019999999,75874.97749680,274,0.34037000,37095.97199840,0
1748317020000000,108989.99000000,109003.98000000,108989.99000000,108996.01000000,0.22226000,1748317079999999,24225.74627240,171,0.14393000,15687.79789050,0
1748317080000000,108996.01000000,109015.19000000,108991.76000000,108991.76000000,1.21601000,1748317139999999,132545.56213220,176,0.83203000,90691.22553320,0
1748317140000000,108991.75000000,108991.75000000,108978.82000000,108986.02000000,1.41093000,1748317199999999,153771.82689500,143,1.04748000,114160.51540090,0
1748317200000000,108986.02000000,109001.99000000,108921.77000000,108934.01000000,2.32173000,1748317259999999,253003.48405670,446,1.28176000,139691.91265000,0
1748317260000000,108934.01000000,108949.99000000,108930.03000000,108936.00000000,1.94590000,1748317319999999,211981.86753070,211,0.88609000,96524.05913550,0
1748317320000000,108936.00000000,108936.00000000,108896.77000000,108919.99000000,1.15023000,1748317379999999,125280.85979200,423,0.34179000,37226.28056510,0
1748317380000000,108920.00000000,109040.40000000,108920.00000000,109040.40000000,4.25882000,1748317439999999,464172.62636630,689,3.90118000,425192.83821960,0
1748317440000000,109043.76000000,109084.55000000,108984.01000000,108984.02000000,2.16657000,1748317499999999,236212.43917140,436,0.65839000,71791.46261980,0
1748317500000000,108984.26000000,109018.04000000,108984.26000000,108990.01000000,1.36813000,1748317559999999,149127.67158490,339,0.50461000,55003.21575110,0
1748317560000000,108990.01000000,108990.01000000,108940.36000000,108973.11000000,3.56040000,1748317619999999,387936.27894390,252,0.20098000,21899.15955430,0
1748317620000000,108973.11000000,108974.06000000,108920.00000000,108928.40000000,3.20565000,1748317679999999,349235.39139900,191,0.88766000,96699.85319190,0
1748317680000000,108928.40000000,108956.38000000,108920.01000000,108951.99000000,2.21683000,1748317739999999,241484.42060820,315,1.41312000,153935.96768620,0
1748317740000000,108952.00000000,108986.48000000,108944.01000000,108986.48000000,0.44189000,1748317799999999,48148.14813230,149,0.26362000,28725.72136120,0
1748317800000000,108986.48000000,109008.00000000,108960.03000000,108960.03000000,1.66552000,1748317859999999,181520.27878590,194,0.55647000,60653.62380150,0
1748317860000000,108960.03000000,108971.99000000,108947.48000000,108963.82000000,0.48972000,1748317919999999,53362.65347290,158,0.25412000,27689.52220430,0
1748317920000000,108963.83000000,108967.99000000,108950.52000000,108950.52000000,0.47057000,1748317979999999,51272.54572480,96,0.01207000,1315.22036990,0
1748317980000000,108950.01000000,108954.00000000,108928.40000000,108940.00000000,1.40417000,1748318039999999,152967.92548350,175,0.67185000,73185.83642060,0
1748318040000000,108940.00000000,108968.00000000,108924.42000000,108942.43000000,0.85206000,1748318099999999,92823.12717530,288,0.29177000,31786.01718790,0
1748318100000000,108942.42000000,108981.60000000,108939.31000000,108942.00000000,0.81024000,1748318159999999,88288.87925250,188,0.52446000,57149.87894180,0
1748318160000000,108943.99000000,108950.00000000,108940.01000000,108940.01000000,0.21365000,1748318219999999,23276.58110380,136,0.03371000,3672.60331240,0
1748318220000000,108940.02000000,108952.00000000,108932.01000000,108946.01000000,0.17939000,1748318279999999,19543.52760470,133,0.02958000,3222.55623590,0
1748318280000000,108946.01000000,108946.01000000,108890.30000000,108940.00000000,5.11268000,1748318339999999,556847.48871050,468,2.60036000,283228.66280170,0
1748318340000000,108940.00000000,108944.00000000,108911.64000000,108922.00000000,1.33238000,1748318399999999,145129.88640450,209,0.71767000,78165.66710520,0
1748318400000000,108922.00000000,108939.13000000,108922.00000000,108930.95000000,0.57369000,1748318459999999,62492.85015260,129,0.13478000,14681.53341190,0
1748318460000000,108930.94000000,108938.00000000,108900.00000000,108913.99000000,2.23290000,1748318519999999,243215.60507220,314,1.51746000,165294.43321700,0
1748318520000000,108914.00000000,108996.00000000,108914.00000000,108960.01000000,1.18524000,1748318579999999,129154.82578240,289,0.78255000,85264.66954410,0
1748318580000000,108958.01000000,108977.99000000,108941.98000000,108977.99000000,0.87287000,1748318639999999,95100.19976460,216,0.06594000,7184.40193140,0
1748318640000000,108977.99000000,108981.99000000,108900.00000000,108927.99000000,2.20108000,1748318699999999,239805.96363350,310,0.48689000,53048.54641800,0
1748318700000000,108928.00000000,108932.00000000,108912.94000000,108932.00000000,0.84912000,1748318759999999,92489.19467790,459,0.60904000,66339.41317520,0
1748318760000000,108932.00000000,109070.00000000,108932.00000000,109070.00000000,2.02477000,1748318819999999,220719.27320080,459,2.01476000,219628.35655280,0
1748318820000000,109071.09000000,109135.80000000,109045.82000000,109108.01000000,2.76610000,1748318879999999,301807.65116030,358,0.70681000,77098.28174840,0
1748318880000000,109108.00000000,109108.00000000,108998.18000000,109005.99000000,1.07096000,1748318939999999,116778.85252560,261,0.21611000,23561.06406870,0
1748318940000000,109005.99000000,109027.99000000,108992.01000000,109027.99000000,1.04498000,1748318999999999,113907.28788170,217,0.60098000,65510.35732090,0
1748319000000000,109028.00000000,109081.11000000,109028.00000000,109051.99000000,1.99406000,1748319059999999,217481.34470610,229,0.78964000,86118.34413290,0
1748319060000000,109051.99000000,109053.99000000,109014.01000000,109015.97000000,0.59359000,1748319119999999,64722.41041290,220,0.08423000,9184.26045330,0
1748319120000000,109015.98000000,109026.00000000,109015.98000000,109025.99000000,1.55559000,1748319179999999,169598.64312460,195,1.44970000,158053.93452790,0
1748319180000000,109025.99000000,109026.00000000,109014.01000000,109014.01000000,0.57126000,1748319239999999,62280.40796000,103,0.33207000,36203.68277750,0
1748319240000000,109014.01000000,109014.01000000,108984.00000000,108984.00000000,0.14311000,1748319299999999,15598.44451170,91,0.05656000,6164.13560560,0
1748319300000000,108984.00000000,108984.00000000,108975.35000000,108975.98000000,0.22345000,1748319359999999,24350.96008350,75,0.04095000,4462.54390670,0
1748319360000000,108975.98000000,108975.98000000,108956.00000000,108959.99000000,0.16645000,1748319419999999,18137.06340980,164,0.02122000,2312.11244890,0
1748319420000000,108959.99000000,108970.00000000,108939.89000000,108969.99000000,3.81953000,1748319479999999,416157.26476390,185,0.60891000,66350.92535690,0
1748319480000000,108969.99000000,109023.59000000,108969.99000000,109004.61000000,0.62880000,1748319539999999,68540.04846660,214,0.35727000,38939.20661410,0
1748319540000000,109004.62000000,109004.62000000,108968.01000000,109002.41000000,0.93586000,1748319599999999,102003.71792850,231,0.20961000,22844.90575400,0
1748319600000000,109002.42000000,109005.46000000,109002.42000000,109005.46000000,0.59365000,1748319659999999,64709.71282680,54,0.16497000,17982.27445680,0
1748319660000000,109005.45000000,109024.00000000,109005.41000000,109024.00000000,0.75139000,1748319719999999,81907.56924380,103,0.72213000,78718.07084670,0
1748319720000000,109024.00000000,109175.49000000,109024.00000000,109172.33000000,4.46160000,1748319779999999,486860.01135910,481,2.63127000,287111.39402750,0
1748319780000000,109173.97000000,109173.98000000,109091.84000000,109098.00000000,2.45826000,1748319839999999,268259.46105300,429,0.24800000,27059.88795870,0
1748319840000000,109098.00000000,109098.00000000,109082.01000000,109089.99000000,0.13063000,1748319899999999,14250.41307470,105,0.09619000,10493.30636360,0
1748319900000000,109089.99000000,109157.96000000,109089.98000000,109102.00000000,1.18020000,1748319959999999,128798.41837320,392,0.60635000,66171.82736490,0
1748319960000000,109102.00000000,109109.98000000,109093.61000000,109098.32000000,0.31371000,1748320019999999,34224.89825330,104,0.22308000,24337.00216710,0
1748320020000000,109099.19000000,109099.19000000,109088.00000000,109089.45000000,3.14371000,1748320079999999,342951.97512210,100,1.97624000,215585.95328640,0
1748320080000000,109089.98000000,109089.98000000,109071.22000000,109075.11000000,0.28359000,1748320139999999,30933.88681430,70,0.09723000,10605.96145200,0
1748320140000000,109075.12000000,109090.00000000,109075.12000000,109089.99000000,0.15384000,1748320199999999,16782.05488860,56,0.12879000,14049.35371910,0
1748320200000000,109090.00000000,109123.99000000,109090.00000000,109090.01000000,2.53450000,1748320259999999,276539.43214110,256,1.80973000,197454.40938440,0
1748320260000000,109090.01000000,109121.99000000,109088.01000000,109088.01000000,0.57914000,1748320319999999,63186.39913580,208,0.16304000,17787.14627340,0
1748320320000000,109088.01000000,109096.00000000,109034.00000000,109034.01000000,1.12803000,1748320379999999,123040.69427290,242,0.04000000,4363.64315630,0
1748320380000000,109034.01000000,109090.00000000,109031.00000000,109089.99000000,0.77670000,1748320439999999,84718.28183580,177,0.41534000,45300.46579270,0
1748320440000000,109090.00000000,109144.00000000,109090.00000000,109143.99000000,1.05815000,1748320499999999,115480.53680790,218,0.31230000,34077.68886060,0
1748320500000000,109144.00000000,109180.81000000,109144.00000000,109172.59000000,4.78068000,1748320559999999,521843.30492090,375,1.23890000,135230.87939730,0
1748320560000000,109172.60000000,109216.80000000,109170.01000000,109183.99000000,2.66958000,1748320619999999,291481.02322460,313,1.30254000,142217.67384730,0
1748320620000000,109184.00000000,109214.00000000,109183.99000000,109207.99000000,0.88196000,1748320679999999,96312.12646220,248,0.51406000,56132.95209430,0
1748320680000000,109207.99000000,109207.99000000,109188.02000000,109192.01000000,0.21881000,1748320739999999,23893.92929500,197,0.05285000,5771.38848510,0
1748320740000000,109192.00000000,109192.00000000,109086.88000000,109098.01000000,4.79988000,1748320799999999,523762.45499450,436,0.80241000,87545.61640210,0
1748320800000000,109098.00000000,109256.87000000,109097.99000000,109256.87000000,5.32033000,1748320859999999,580850.27113670,600,4.73645000,517118.31380210,0
1748320860000000,109256.87000000,109256.87000000,109208.01000000,109208.01000000,0.80027000,1748320919999999,87414.26786140,150,0.02238000,2444.32154260,0
1748320920000000,109208.00000000,109208.00000000,109144.79000000,109144.79000000,0.75546000,1748320979999999,82465.65971560,148,0.39841000,43485.22208030,0
1748320980000000,109144.78000000,109147.24000000,109140.01000000,109140.64000000,0.52829000,1748321039999999,57660.08777600,82,0.26587000,29017.81819860,0
1748321040000000,109140.64000000,109150.00000000,109136.00000000,109137.96000000,0.69045000,1748321099999999,75355.23721500,125,0.54262000,59220.48617110,0
1748321100000000,109139.13000000,109149.68000000,109139.13000000,109149.67000000,0.16282000,1748321159999999,17771.46789140,73,0.10766000,11750.77716600,0
1748321160000000,109149.68000000,109251.96000000,109149.68000000,109251.96000000,2.37674000,1748321219999999,259509.81925290,376,2.13515000,233128.14115760,0
1748321220000000,109256.49000000,109306.89000000,109252.01000000,109304.89000000,3.47993000,1748321279999999,380315.69544250,608,1.72144000,188130.39337240,0
1748321280000000,109304.90000000,109379.20000000,109256.01000000,109379.19000000,3.25595000,1748321339999999,355945.53473950,776,2.41183000,263683.45975740,0
1748321340000000,109379.20000000,109384.22000000,109295.26000000,109295.27000000,4.48896000,1748321399999999,490826.34821850,539,1.74923000,191272.01266520,0
1748321400000000,109295.26000000,109326.57000000,109295.26000000,109324.01000000,3.82646000,1748321459999999,418260.78370940,228,1.98386000,216849.30247640,0
1748321460000000,109324.01000000,109344.77000000,109266.00000000,109266.00000000,2.20540000,1748321519999999,241122.57845970,278,0.15962000,17451.94486510,0
1748321520000000,109266.01000000,109271.45000000,109172.00000000,109183.63000000,3.80073000,1748321579999999,415076.64942870,312,0.68750000,75100.05334390,0
1748321580000000,109183.63000000,109200.51000000,109176.67000000,109191.99000000,0.75681000,1748321639999999,82633.44513940,189,0.66165000,72242.58523170,0
1748321640000000,109192.00000000,109192.00000000,109101.92000000,109101.92000000,3.63300000,1748321699999999,396588.90476990,357,0.06752000,7369.80797200,0
1748321700000000,109101.92000000,109103.99000000,109000.00000000,109025.77000000,3.42641000,1748321759999999,373616.58990760,504,1.01658000,110821.71476290,0
1748321760000000,109025.78000000,109028.00000000,108949.42000000,108950.01000000,1.81893000,1748321819999999,198257.38018840,543,0.34728000,37850.50541160,0
1748321820000000,108950.02000000,109000.00000000,108950.02000000,109000.00000000,0.91122000,1748321879999999,99297.97356600,383,0.68592000,74746.29129720,0
1748321880000000,109000.00000000,109012.00000000,108954.01000000,108954.01000000,0.98178000,1748321939999999,107000.52292760,259,0.39554000,43113.25096040,0
1748321940000000,108954.01000000,108988.00000000,108954.01000000,108978.00000000,0.50610000,1748321999999999,55149.66517960,238,0.13131000,14310.15124570,0
1748322000000000,108978.00000000,108988.00000000,108978.00000000,108987.92000000,1.36320000,1748322059999999,148568.68284230,118,0.37102000,40433.34447980,0
1748322060000000,108987.92000000,108998.29000000,108976.02000000,108998.00000000,1.98995000,1748322119999999,216884.29126770,372,1.25648000,136943.63215880,0
1748322120000000,108998.00000000,108998.01000000,108976.00000000,108977.55000000,1.20136000,1748322179999999,130929.21239440,158,0.24308000,26489.96802100,0
1748322180000000,108978.19000000,109001.13000000,108927.15000000,108930.01000000,1.83689000,1748322239999999,200134.13340050,777,0.51995000,56656.00006450,0
1748322240000000,108930.01000000,108939.98000000,108920.01000000,108920.01000000,0.63566000,1748322299999999,69240.27425260,254,0.26007000,28327.25446990,0
1748322300000000,108920.01000000,108920.02000000,108857.50000000,108857.50000000,2.73883000,1748322359999999,298252.00878890,394,0.31287000,34071.49995360,0
1748322360000000,108857.51000000,108870.00000000,108850.00000000,108870.00000000,0.59312000,1748322419999999,64567.63462860,173,0.31989000,34823.85571560,0
1748322420000000,108869.99000000,108993.99000000,108869.99000000,108982.01000000,1.49580000,1748322479999999,162959.08229670,486,0.88811000,96726.24130470,0
1748322480000000,108978.02000000,108978.02000000,108896.01000000,108936.00000000,4.06607000,1748322539999999,442906.07643540,679,2.21187000,240940.57220740,0
1748322540000000,108936.00000000,108958.00000000,108892.00000000,108892.01000000,0.82023000,1748322599999999,89348.87338710,289,0.08806000,9592.79787700,0
1748322600000000,108892.01000000,108936.00000000,108868.01000000,108922.01000000,3.23280000,1748322659999999,352064.53534190,548,2.22339000,242133.05595020,0
1748322660000000,108920.02000000,108929.99000000,108882.00000000,108884.01000000,0.88675000,1748322719999999,96567.95544490,336,0.36889000,40170.67490860,0
1748322720000000,108884.00000000,108909.99000000,108850.00000000,108882.01000000,1.14590000,1748322779999999,124769.70652150,321,0.49347000,53731.17049490,0
1748322780000000,108882.01000000,108896.00000000,108882.01000000,108892.02000000,1.89454000,1748322839999999,206292.95993580,154,1.85802000,202316.22430250,0
1748322840000000,108892.02000000,108934.48000000,108892.02000000,108930.00000000,1.10017000,1748322899999999,119823.82935920,260,0.80892000,88102.16336100,0
1748322900000000,108930.00000000,108932.00000000,108862.89000000,108862.90000000,1.00715000,1748322959999999,109683.67169180,230,0.12244000,13330.64867490,0
1748322960000000,108862.90000000,108863.99000000,108756.47000000,108767.99000000,1.45869000,1748323019999999,158728.08467500,515,0.34371000,37395.58858780,0
1748323020000000,108768.00000000,108773.99000000,108659.67000000,108659.67000000,4.92009000,1748323079999999,534855.03563090,1057,1.30221000,141534.73948090,0
1748323080000000,108659.99000000,108732.00000000,108640.00000000,108732.00000000,3.22195000,1748323139999999,350153.05325420,710,1.26817000,137837.39059860,0
1748323140000000,108731.99000000,108731.99000000,108664.00000000,108664.00000000,3.30425000,1748323199999999,359149.30263790,483,0.65945000,71674.34984930,0
1748323200000000,108664.01000000,108738.18000000,108654.27000000,108725.99000000,1.82003000,1748323259999999,197848.58495620,510,0.78760000,85604.70668540,0
1748323260000000,108726.00000000,108782.08000000,108726.00000000,108737.14000000,4.03860000,1748323319999999,439219.18064950,336,2.76719000,300938.22314280,0
1748323320000000,108735.10000000,108735.10000000,108691.91000000,108691.91000000,3.11241000,1748323379999999,338349.37980370,305,0.99199000,107840.05950550,0
1748323380000000,108691.92000000,108757.98000000,108691.91000000,108720.00000000,2.09104000,1748323439999999,227367.51022720,255,0.97236000,105721.87098520,0
1748323440000000,108719.99000000,108719.99000000,108692.50000000,108716.00000000,1.25216000,1748323499999999,136126.63264560,125,0.38977000,42371.46932480,0
1748323500000000,108716.00000000,108716.01000000,108688.83000000,108690.00000000,1.50456000,1748323559999999,163545.90102060,158,0.04793000,5209.88903240,0
1748323560000000,108690.01000000,108703.99000000,108690.01000000,108703.99000000,0.05817000,1748323619999999,6322.69708930,64,0.05542000,6023.76661680,0
1748323620000000,108704.00000000,108717.99000000,108600.83000000,108609.52000000,2.47142000,1748323679999999,268569.94302350,357,0.22768000,24732.03233880,0
1748323680000000,108609.52000000,108706.00000000,108588.60000000,108706.00000000,2.20437000,1748323739999999,239454.22071460,488,1.13025000,122795.92991610,0
1748323740000000,108705.99000000,108734.00000000,108700.00000000,108700.01000000,1.22738000,1748323799999999,133433.85679480,142,0.41457000,45066.11065400,0
1748323800000000,108700.01000000,108727.11000000,108670.01000000,108727.11000000,1.48843000,1748323859999999,161783.06924690,261,0.35186000,38244.42172250,0
1748323860000000,108734.48000000,108759.99000000,108732.03000000,108757.26000000,1.20832000,1748323919999999,131407.56618750,132,1.13205000,123112.63882130,0
1748323920000000,108758.19000000,108769.10000000,108758.19000000,108769.09000000,0.63452000,1748323979999999,69012.62215350,57,0.33935000,36907.27040430,0
1748323980000000,108769.09000000,108769.09000000,108677.91000000,108677.91000000,2.93985000,1748324039999999,319654.53130260,384,0.14892000,16193.71644910,0
1748324040000000,108677.91000000,108677.91000000,108591.82000000,108639.99000000,4.86276000,1748324099999999,528189.38201790,422,3.36753000,365772.24750430,0
1748324100000000,108639.99000000,108757.56000000,108637.81000000,108757.56000000,1.62428000,1748324159999999,176520.68933620,523,1.12483000,122244.54274460,0
1748324160000000,108757.56000000,108785.60000000,108732.00000000,108785.59000000,1.84212000,1748324219999999,200364.39180800,224,0.21818000,23730.10832690,0
1748324220000000,108785.59000000,108813.60000000,108768.82000000,108780.01000000,1.94574000,1748324279999999,211700.81716040,261,0.15542000,16908.30907440,0
1748324280000000,108780.00000000,108780.01000000,108750.22000000,108753.80000000,0.50931000,1748324339999999,55397.18820180,127,0.00757000,823.24370930,0
1748324340000000,108753.81000000,108759.99000000,108753.81000000,108756.27000000,0.15005000,1748324399999999,16319.07443930,69,0.01430000,1555.23685600,0
1748324400000000,108756.28000000,108799.99000000,108756.28000000,108784.01000000,0.81193000,1748324459999999,88318.09777170,261,0.66088000,71885.81278060,0
1748324460000000,108784.01000000,108821.99000000,108784.01000000,108821.99000000,0.34179000,1748324519999999,37187.85157600,268,0.13152000,14309.91396300,0
1748324520000000,108822.00000000,108843.34000000,108821.99000000,108843.34000000,0.32406000,1748324579999999,35268.05191970,125,0.27337000,29751.07413120,0
1748324580000000,108843.34000000,108868.48000000,108816.01000000,108816.01000000,2.26152000,1748324639999999,246163.21918570,514,1.63321000,177776.87847960,0
1748324640000000,108816.01000000,108817.99000000,108812.00000000,108812.00000000,0.05478000,1748324699999999,5960.85256580,34,0.00741000,806.31597110,0
1748324700000000,108812.00000000,108812.18000000,108754.00000000,108761.99000000,1.98025000,1748324759999999,215444.23180330,283,0.56288000,61236.63095070,0
1748324760000000,108762.00000000,108812.00000000,108762.00000000,108795.99000000,0.52700000,1748324819999999,57332.62608050,305,0.48920000,53219.82533160,0
1748324820000000,108796.00000000,108815.99000000,108796.00000000,108812.35000000,0.23321000,1748324879999999,25375.78966830,133,0.18421000,20043.98402430,0
1748324880000000,108812.35000000,108878.74000000,108812.35000000,108878.74000000,1.53115000,1748324939999999,166676.95678280,293,1.50577000,163914.92935660,0
1748324940000000,108878.74000000,108901.17000000,108878.74000000,108901.13000000,0.74147000,1748324999999999,80741.11484860,248,0.51724000,56323.36974710,0
1748325000000000,108901.12000000,108950.00000000,108900.00000000,108932.94000000,3.84597000,1748325059999999,418934.49149570,535,2.90060000,315950.35709080,0
1748325060000000,108932.95000000,108953.99000000,108907.23000000,108943.54000000,2.77823000,1748325119999999,302650.91719650,463,0.65265000,71088.15576080,0
1748325120000000,108943.55000000,108979.95000000,108930.01000000,108962.44000000,0.83393000,1748325179999999,90861.58112150,404,0.34527000,37619.63735730,0
1748325180000000,108962.45000000,109005.14000000,108962.45000000,108999.02000000,3.65853000,1748325239999999,398751.00893920,565,3.29490000,359119.24076410,0
1748325240000000,108999.02000000,108999.22000000,108974.01000000,108974.01000000,1.43247000,1748325299999999,156127.05301410,235,1.19718000,130481.98990630,0
1748325300000000,108974.01000000,108988.00000000,108954.00000000,108962.00000000,0.86270000,1748325359999999,94013.61816840,489,0.31134000,33927.54965400,0
1748325360000000,108962.01000000,108979.92000000,108961.86000000,108979.92000000,0.63425000,1748325419999999,69110.39949600,153,0.58863000,64139.34903940,0
1748325420000000,108979.93000000,108979.93000000,108950.01000000,108967.99000000,0.97998000,1748325479999999,106780.97804850,307,0.67467000,73511.21554110,0
1748325480000000,108968.00000000,108968.00000000,108942.40000000,108950.01000000,1.43508000,1748325539999999,156356.95182190,243,0.09240000,10067.24827000,0
1748325540000000,108950.01000000,108950.01000000,108944.00000000,108947.99000000,2.82508000,1748325599999999,307783.37188150,180,0.29639000,32290.00717980,0
1748325600000000,108947.99000000,109003.99000000,108945.80000000,109003.99000000,1.29746000,1748325659999999,141378.98324320,878,0.90870000,99016.26102250,0
1748325660000000,109003.99000000,109020.00000000,108962.00000000,108962.01000000,1.56954000,1748325719999999,171080.85823470,428,0.77375000,84346.66836500,0
1748325720000000,108962.01000000,109007.99000000,108958.00000000,108988.01000000,2.14505000,1748325779999999,233792.71360250,481,0.26617000,29007.38734700,0
1748325780000000,108988.00000000,109028.00000000,108988.00000000,109027.99000000,0.58503000,1748325839999999,63772.95288240,260,0.58183000,63424.11422520,0
1748325840000000,109028.00000000,109087.70000000,109028.00000000,109087.70000000,2.93360000,1748325899999999,319947.28736100,454,2.79870000,305233.88368100,0
1748325900000000,109087.70000000,109172.02000000,109087.70000000,109172.02000000,1.85533000,1748325959999999,202465.24181400,761,0.92795000,101259.52096060,0
1748325960000000,109172.03000000,109266.66000000,109070.07000000,109082.01000000,8.98629000,1748326019999999,981220.30728840,1418,3.31256000,361665.05326020,0
1748326020000000,109082.02000000,109147.99000000,109005.93000000,109013.98000000,2.93953000,1748326079999999,320652.28413890,864,1.25806000,137261.66296240,0
1748326080000000,109013.99000000,109068.99000000,109013.99000000,109063.11000000,1.07546000,1748326139999999,117277.79113220,426,0.90931000,99158.35940570,0
1748326140000000,109063.12000000,109145.98000000,109063.12000000,109064.01000000,3.38840000,1748326199999999,369693.65524160,731,0.81102000,88485.08866240,0
1748326200000000,109064.01000000,109146.00000000,109064.01000000,109100.01000000,0.69600000,1748326259999999,75941.10095930,508,0.56749000,61917.81784250,0
1748326260000000,109100.00000000,109114.00000000,109063.81000000,109080.01000000,1.27276000,1748326319999999,138843.44585100,466,0.35972000,39243.95614350,0
1748326320000000,109080.00000000,109186.00000000,109068.00000000,109178.01000000,13.00638000,1748326379999999,1419455.87124560,791,11.78347000,1286018.50181130,0
1748326380000000,109178.00000000,109188.00000000,109073.73000000,109091.99000000,3.47646000,1748326439999999,379396.60621420,535,0.48130000,52513.26015260,0
1748326440000000,109092.00000000,109184.46000000,109092.00000000,109164.01000000,1.47309000,1748326499999999,160798.89639690,485,1.07306000,117126.62741290,0
1748326500000000,109164.01000000,109230.96000000,109160.49000000,109192.69000000,3.51167000,1748326559999999,383490.52515580,723,2.52821000,276108.48070150,0
1748326560000000,109193.12000000,109215.40000000,109124.00000000,109124.00000000,2.35952000,1748326619999999,257611.91501640,591,0.26628000,29076.99742920,0
1748326620000000,109124.01000000,109124.01000000,109032.48000000,109092.01000000,2.53366000,1748326679999999,276363.02402020,628,0.93349000,101824.61107610,0
1748326680000000,109092.00000000,109092.75000000,109032.38000000,109047.99000000,2.85773000,1748326739999999,311686.69107070,322,0.91641000,99926.81528250,0
1748326740000000,109047.99000000,109060.00000000,109028.00000000,109028.00000000,0.17626000,1748326799999999,19220.17961910,201,0.07018000,7653.64000680,0
1748326800000000,109028.01000000,109028.01000000,108958.01000000,108959.99000000,0.84055000,1748326859999999,91615.79806080,353,0.04768000,5195.38553910,0
1748326860000000,108960.00000000,109015.89000000,108960.00000000,108994.00000000,2.60513000,1748326919999999,283924.21728570,487,1.49294000,162710.80352500,0
1748326920000000,108994.00000000,109032.00000000,108994.00000000,109014.00000000,1.14419000,1748326979999999,124740.57235170,241,0.54252000,59141.56441620,0
1748326980000000,109014.00000000,109032.00000000,109008.00000000,109029.99000000,0.92282000,1748327039999999,100608.58392680,233,0.26146000,28505.36037870,0
1748327040000000,109030.00000000,109122.52000000,109030.00000000,109122.51000000,2.10065000,1748327099999999,229138.15153480,441,1.60534000,175107.93531450,0
1748327100000000,109122.51000000,109137.12000000,109100.00000000,109112.01000000,0.89280000,1748327159999999,97423.05722300,355,0.28007000,30561.31796530,0
1748327160000000,109112.01000000,109204.00000000,109112.01000000,109135.02000000,11.64701000,1748327219999999,1271346.58076530,492,11.02842000,1203832.13563020,0
1748327220000000,109135.01000000,109149.29000000,109038.37000000,109071.19000000,2.94461000,1748327279999999,321249.35979980,332,0.43476000,47419.52865990,0
1748327280000000,109071.20000000,109071.20000000,109030.01000000,109052.01000000,3.61164000,1748327339999999,393825.06938940,326,2.09931000,228912.96624300,0
1748327340000000,109052.01000000,109140.08000000,109052.01000000,109140.08000000,2.47920000,1748327399999999,270514.50522690,402,1.79699000,196075.00698770,0
1748327400000000,109140.09000000,109187.99000000,109140.09000000,109168.01000000,1.32643000,1748327459999999,144810.47912290,245,0.93645000,102232.01714850,0
1748327460000000,109168.02000000,109231.81000000,109154.01000000,109154.01000000,0.65328000,1748327519999999,71336.09431450,426,0.28103000,30687.38580920,0
1748327520000000,109154.00000000,109210.00000000,109142.01000000,109194.01000000,1.72214000,1748327579999999,188014.78423130,358,1.22250000,133461.92537070,0
1748327580000000,109194.01000000,109221.99000000,109190.00000000,109220.00000000,3.39732000,1748327639999999,370999.11563210,327,2.28216000,249206.92713140,0
1748327640000000,109220.00000000,109233.98000000,109210.00000000,109233.98000000,0.79285000,1748327699999999,86594.67348280,292,0.46470000,50752.69614270,0
1748327700000000,109233.99000000,109290.02000000,109229.93000000,109271.99000000,4.09651000,1748327759999999,447665.04799200,660,2.00683000,219286.99268110,0
1748327760000000,109272.00000000,109303.99000000,109244.00000000,109244.00000000,1.79260000,1748327819999999,195919.38018560,370,1.40537000,153603.19221640,0
1748327820000000,109244.01000000,109244.01000000,109179.09000000,109188.00000000,1.16487000,1748327879999999,127229.18131100,372,0.26748000,29213.34320880,0
1748327880000000,109188.00000000,109204.00000000,109184.00000000,109194.01000000,1.53726000,1748327939999999,167865.82628080,329,0.24226000,26452.86510140,0
1748327940000000,109194.02000000,109194.02000000,109135.24000000,109169.99000000,5.50949000,1748327999999999,601414.30438850,371,0.57629000,62901.41753580,0
1748328000000000,109170.00000000,109200.00000000,109170.00000000,109173.75000000,2.57637000,1748328059999999,281306.57638060,239,0.44656000,48759.18258170,0
1748328060000000,109173.74000000,109194.00000000,109165.93000000,109194.00000000,1.29156000,1748328119999999,141015.19936940,190,0.59682000,65161.27894710,0
1748328120000000,109194.00000000,109218.00000000,109190.00000000,109218.00000000,0.65878000,1748328179999999,71941.04452880,219,0.15123000,16514.26695930,0
1748328180000000,109218.00000000,109249.91000000,109218.00000000,109249.90000000,1.20524000,1748328239999999,131668.80310850,138,1.17437000,128296.46086830,0
1748328240000000,109249.91000000,109294.01000000,109249.91000000,109256.01000000,3.00075000,1748328299999999,327900.97796660,296,2.61358000,285590.58258450,0
1748328300000000,109256.01000000,109275.99000000,109204.00000000,109218.01000000,1.61722000,1748328359999999,176655.41327200,420,0.34221000,37387.28664630,0
1748328360000000,109218.01000000,109255.99000000,109181.94000000,109255.99000000,9.91191000,1748328419999999,1082388.35549590,493,0.23563000,25736.64082230,0
1748328420000000,109256.00000000,109302.00000000,109256.00000000,109262.01000000,1.27338000,1748328479999999,139163.58949610,216,0.89445000,97749.53471600,0
1748328480000000,109262.00000000,109268.00000000,109208.00000000,109227.99000000,2.48562000,1748328539999999,271546.62043600,346,0.93069000,101677.46424240,0
1748328540000000,109227.99000000,109308.00000000,109227.99000000,109276.00000000,1.82863000,1748328599999999,199846.94272990,381,1.08699000,118797.65649350,0
1748328600000000,109276.01000000,109285.98000000,109244.00000000,109264.00000000,2.50968000,1748328659999999,274222.95024190,469,1.17439000,128326.36254220,0
1748328660000000,109264.00000000,109293.97000000,109196.00000000,109203.99000000,3.19000000,1748328719999999,348545.01970960,481,1.95431000,213557.08551110,0
1748328720000000,109204.00000000,109216.00000000,109025.01000000,109032.01000000,7.57523000,1748328779999999,826412.56100880,640,0.84456000,92111.35423400,0
1748328780000000,109032.01000000,109047.99000000,108922.01000000,108922.01000000,3.68267000,1748328839999999,401365.43299590,859,1.50066000,163564.64493530,0
1748328840000000,108922.01000000,109002.44000000,108922.01000000,109001.80000000,3.14755000,1748328899999999,342984.58271420,601,2.27468000,247854.65328440,0
1748328900000000,109001.80000000,109001.81000000,108922.02000000,108939.99000000,2.59158000,1748328959999999,282363.76139910,963,1.39864000,152377.50917380,0
1748328960000000,108940.00000000,108970.00000000,108910.65000000,108970.00000000,4.87349000,1748329019999999,530881.99434940,862,1.92146000,209312.93866280,0
1748329020000000,108970.00000000,108985.98000000,108910.65000000,108910.65000000,2.40093000,1748329079999999,261591.25555310,410,0.15636000,17038.26611750,0
1748329080000000,108910.65000000,108915.99000000,108874.13000000,108911.60000000,2.46315000,1748329139999999,268240.46403490,567,1.11431000,121341.55582700,0
1748329140000000,108911.60000000,108911.61000000,108874.11000000,108874.11000000,0.46653000,1748329199999999,50800.05386320,328,0.02326000,2532.72324280,0
1748329200000000,108874.11000000,108963.98000000,108874.11000000,108927.99000000,1.44275000,1748329259999999,157147.19283360,647,0.86238000,93919.45555280,0
1748329260000000,108929.99000000,108951.99000000,108913.72000000,108914.00000000,0.72315000,1748329319999999,78770.50377260,1053,0.14273000,15547.67490610,0
1748329320000000,108915.91000000,108976.17000000,108915.91000000,108976.17000000,1.12998000,1748329379999999,123108.55035650,334,0.82642000,90038.48837330,0
1748329380000000,108977.99000000,108989.99000000,108934.22000000,108979.99000000,0.86166000,1748329439999999,93892.48996700,303,0.35547000,38733.55589640,0
1748329440000000,108979.98000000,109020.00000000,108979.98000000,109020.00000000,1.25993000,1748329499999999,137323.77875260,567,1.06842000,116448.04292360,0
1748329500000000,109019.99000000,109027.73000000,108996.44000000,108996.45000000,1.45842000,1748329559999999,158983.15213400,236,0.13632000,14859.45939310,0
1748329560000000,108998.62000000,109116.99000000,108998.62000000,109090.82000000,2.63189000,1748329619999999,287032.56437800,493,1.43298000,156283.71027090,0
1748329620000000,109090.83000000,109166.11000000,109090.82000000,109152.01000000,2.02930000,1748329679999999,221448.47411490,366,1.72638000,188384.87477990,0
1748329680000000,109150.02000000,109150.02000000,109135.29000000,109139.99000000,0.68986000,1748329739999999,75289.88658070,128,0.10705000,11683.56876240,0
1748329740000000,109139.99000000,109143.99000000,109121.73000000,109121.74000000,0.77954000,1748329799999999,85075.87072790,165,0.08141000,8884.29604550,0
1748329800000000,109121.73000000,109140.38000000,109116.01000000,109116.01000000,0.60076000,1748329859999999,65559.44581310,163,0.36986000,40361.81232150,0
1748329860000000,109116.00000000,109116.00000000,109088.00000000,109110.39000000,0.28908000,1748329919999999,31539.93004530,218,0.06078000,6630.94941450,0
1748329920000000,109110.40000000,109110.40000000,109080.01000000,109102.35000000,1.04862000,1748329979999999,114394.18951740,204,0.43239000,47169.39450170,0
1748329980000000,109104.00000000,109104.00000000,109026.93000000,109049.99000000,1.98928000,1748330039999999,216958.47035320,216,0.24377000,26581.05962450,0
1748330040000000,109050.00000000,109104.35000000,109050.00000000,109104.35000000,0.94248000,1748330099999999,102799.90424880,171,0.92287000,100660.50691610,0
1748330100000000,109104.34000000,109146.00000000,109104.34000000,109144.01000000,1.50744000,1748330159999999,164502.70486850,231,0.47330000,51650.25286010,0
1748330160000000,109144.02000000,109172.51000000,109140.00000000,109172.51000000,1.42808000,1748330219999999,155889.99599990,272,0.56036000,61168.74238750,0
1748330220000000,109172.51000000,109179.06000000,109168.00000000,109168.00000000,0.94115000,1748330279999999,102751.88975670,111,0.30933000,33770.97064290,0
1748330280000000,109168.00000000,109168.00000000,109155.00000000,109160.80000000,0.17156000,1748330339999999,18727.59021610,93,0.02492000,2720.17191780,0
1748330340000000,109160.80000000,109215.45000000,109160.80000000,109162.00000000,4.59467000,1748330399999999,501726.86768490,552,1.74526000,190539.48810970,0
1748330400000000,109162.00000000,109192.74000000,109154.92000000,109192.73000000,0.76225000,1748330459999999,83221.54468400,193,0.63373000,69190.50075600,0
1748330460000000,109192.74000000,109242.00000000,109192.74000000,109236.40000000,1.63057000,1748330519999999,178109.11431570,299,0.62637000,68413.99441510,0
1748330520000000,109238.50000000,109238.50000000,109236.01000000,109238.44000000,0.31012000,1748330579999999,33876.91283290,76,0.29180000,31875.66524110,0
1748330580000000,109238.45000000,109242.61000000,109216.00000000,109241.94000000,1.14843000,1748330639999999,125453.35204790,175,0.37164000,40596.04781890,0
1748330640000000,109241.94000000,109241.94000000,109219.47000000,109225.99000000,0.31873000,1748330699999999,34815.20839500,142,0.09229000,10081.13673200,0
1748330700000000,109226.00000000,109246.15000000,109204.01000000,109244.68000000,1.90280000,1748330759999999,207814.71421200,266,1.68211000,183710.90106510,0
1748330760000000,109244.68000000,109325.10000000,109224.01000000,109224.01000000,3.34163000,1748330819999999,365187.29777370,611,2.49798000,272986.48255520,0
1748330820000000,109224.00000000,109224.00000000,109180.00000000,109203.99000000,1.29132000,1748330879999999,141010.96822400,254,0.71510000,78088.01790770,0
1748330880000000,109204.00000000,109243.98000000,109204.00000000,109226.01000000,0.80329000,1748330939999999,87744.99808600,191,0.66060000,72157.88588190,0
1748330940000000,109226.01000000,109226.72000000,109170.89000000,109226.72000000,1.07728000,1748330999999999,117620.42276120,259,0.45246000,49401.97691870,0
1748331000000000,109226.71000000,109276.00000000,109220.01000000,109275.99000000,1.80376000,1748331059999999,197060.04022490,306,1.34411000,146835.74579340,0
1748331060000000,109276.00000000,109404.80000000,109276.00000000,109404.80000000,2.87858000,1748331119999999,314758.24436320,962,1.95987000,214303.19443990,0
1748331120000000,109404.79000000,109406.00000000,109342.00000000,109357.20000000,2.35103000,1748331179999999,257152.26360810,368,0.66086000,72286.67498820,0
1748331180000000,109357.20000000,109382.00000000,109346.00000000,109346.00000000,2.02545000,1748331239999999,221514.61546720,284,1.31828000,144173.26391310,0
1748331240000000,109346.01000000,109368.00000000,109336.00000000,109346.01000000,1.39395000,1748331299999999,152432.64600130,224,0.45229000,49458.36885860,0
1748331300000000,109347.99000000,109397.99000000,109347.98000000,109397.99000000,0.65436000,1748331359999999,71572.25358640,245,0.62067000,67886.94488400,0
1748331360000000,109398.00000000,109413.43000000,109331.04000000,109351.99000000,1.84345000,1748331419999999,201614.67104020,353,0.59867000,65466.08783670,0
1748331420000000,109352.00000000,109402.44000000,109352.00000000,109402.44000000,0.83882000,1748331479999999,91749.67680690,246,0.38563000,42177.45172560,0
1748331480000000,109402.45000000,109421.90000000,109402.45000000,109421.90000000,0.16989000,1748331539999999,18588.57766730,192,0.16350000,17889.45096940,0
1748331540000000,109421.90000000,109479.62000000,109421.89000000,109479.61000000,1.83013000,1748331599999999,200295.64956640,584,1.62705000,178069.41476970,0
1748331600000000,109479.62000000,109490.28000000,109452.15000000,109482.80000000,3.17964000,1748331659999999,348043.11991520,406,1.43059000,156590.24437480,0
1748331660000000,109482.79000000,109530.15000000,109442.00000000,109442.01000000,3.76734000,1748331719999999,412540.50870360,823,2.32855000,254977.02013510,0
1748331720000000,109442.01000000,109491.99000000,109440.00000000,109491.99000000,0.52488000,1748331779999999,57452.03073900,270,0.48300000,52868.37734330,0
1748331780000000,109491.99000000,109491.99000000,109450.00000000,109450.00000000,0.64975000,1748331839999999,71135.44422900,266,0.04297000,4704.20190890,0
1748331840000000,109450.00000000,109538.00000000,109432.00000000,109530.01000000,2.76920000,1748331899999999,303177.68522660,424,1.51722000,166140.35273440,0
1748331900000000,109527.63000000,109568.22000000,109520.01000000,109561.19000000,4.23918000,1748331959999999,464400.44690810,755,2.49656000,273476.44935970,0
1748331960000000,109562.39000000,109578.21000000,109548.00000000,109578.21000000,1.99315000,1748332019999999,218374.14968610,457,1.60284000,175610.27669210,0
1748332020000000,109578.21000000,109581.98000000,109542.83000000,109558.00000000,1.17392000,1748332079999999,128619.46429620,293,0.34555000,37859.65054890,0
1748332080000000,109557.99000000,109614.71000000,109556.00000000,109614.70000000,1.27451000,1748332139999999,139658.87515790,596,1.01739000,111486.45164270,0
1748332140000000,109614.70000000,109614.71000000,109589.18000000,109589.18000000,1.35433000,1748332199999999,148429.63267910,192,0.48838000,53522.78588830,0
1748332200000000,109589.18000000,109666.66000000,109587.41000000,109661.60000000,3.37901000,1748332259999999,370439.20141180,942,2.51505000,275711.31248250,0
1748332260000000,109661.61000000,109673.94000000,109642.00000000,109673.19000000,2.72703000,1748332319999999,299060.99972570,456,1.57855000,173110.17787170,0
1748332320000000,109673.19000000,109673.20000000,109618.42000000,109650.01000000,1.68829000,1748332379999999,185101.10584990,403,0.35115000,38500.11958280,0
1748332380000000,109650.00000000,109660.34000000,109553.07000000,109555.27000000,2.41761000,1748332439999999,264975.63507560,591,0.90735000,99462.17041470,0
1748332440000000,109555.26000000,109561.99000000,109519.65000000,109520.01000000,2.18090000,1748332499999999,238894.55778280,533,0.84426000,92482.74321480,0
1748332500000000,109520.00000000,109539.98000000,109510.00000000,109524.00000000,0.59606000,1748332559999999,65281.83455560,301,0.11671000,12782.50344110,0
1748332560000000,109524.00000000,109532.00000000,109518.00000000,109531.99000000,0.46204000,1748332619999999,50603.66372540,206,0.30116000,32983.36588990,0
1748332620000000,109531.99000000,109532.00000000,109502.41000000,109502.41000000,1.19921000,1748332679999999,131324.59714810,254,0.36200000,39641.43219190,0
1748332680000000,109502.41000000,109510.00000000,109494.90000000,109507.98000000,1.45782000,1748332739999999,159639.51218230,360,0.44306000,48517.72118080,0
1748332740000000,109507.98000000,109575.99000000,109498.87000000,109575.99000000,1.29507000,1748332799999999,141850.43717570,422,1.16037000,127099.43597160,0
1748332800000000,109577.99000000,109773.98000000,109577.99000000,109773.98000000,11.23652000,1748332859999999,1232875.60099840,1536,7.53112000,826236.64142400,0
1748332860000000,109772.01000000,109774.53000000,109760.01000000,109774.53000000,2.14346000,1748332919999999,235287.46227240,601,1.38856000,152423.98979210,0
1748332920000000,109774.54000000,109787.68000000,109770.35000000,109778.95000000,2.25739000,1748332979999999,247807.46114910,819,0.94893000,104170.12140190,0
1748332980000000,109778.95000000,109817.35000000,109742.00000000,109762.01000000,3.58096000,1748333039999999,393139.18340010,1052,2.02389000,222186.57901580,0
1748333040000000,109762.01000000,109769.99000000,109717.00000000,109717.01000000,2.08452000,1748333099999999,228745.01120450,348,1.16254000,127575.73058320,0
1748333100000000,109717.01000000,109730.00000000,109608.00000000,109666.01000000,7.29769000,1748333159999999,800323.55868340,1378,2.67888000,293781.66829830,0
1748333160000000,109666.00000000,109696.00000000,109645.92000000,109681.64000000,6.23113000,1748333219999999,683361.11716760,629,2.76606000,303332.07005750,0
1748333220000000,109681.64000000,109746.54000000,109680.69000000,109680.70000000,2.92621000,1748333279999999,321026.61566940,619,1.73867000,190751.31274770,0
1748333280000000,109680.69000000,109744.04000000,109680.69000000,109731.55000000,3.58783000,1748333339999999,393622.34526580,610,1.47740000,162086.81473900,0
1748333340000000,109731.55000000,109815.04000000,109718.02000000,109767.63000000,2.74517000,1748333399999999,301353.67917490,756,2.17332000,238574.48305680,0
1748333400000000,109767.63000000,109767.64000000,109720.21000000,109748.00000000,3.53780000,1748333459999999,388253.62161500,790,1.76383000,193564.47927050,0
1748333460000000,109748.00000000,109763.07000000,109703.22000000,109703.22000000,3.10357000,1748333519999999,340601.58702760,434,0.76930000,84432.85375710,0
1748333520000000,109703.22000000,109703.22000000,109675.30000000,109684.01000000,2.77373000,1748333579999999,304244.53076750,261,0.63453000,69598.68937780,0
1748333580000000,109684.01000000,109737.30000000,109684.00000000,109726.18000000,0.85076000,1748333639999999,93338.65649090,397,0.58523000,64202.55081830,0
1748333640000000,109726.17000000,109726.17000000,109690.01000000,109699.96000000,1.66483000,1748333699999999,182632.11838580,214,0.07531000,8261.63498730,0
1748333700000000,109699.97000000,109699.97000000,109665.41000000,109697.61000000,4.09057000,1748333759999999,448698.57703630,578,0.54740000,60038.62281750,0
1748333760000000,109697.60000000,109721.99000000,109687.90000000,109707.01000000,4.50003000,1748333819999999,493674.84235220,540,2.30726000,253114.17441000,0
1748333820000000,109707.02000000,109765.58000000,109707.02000000,109737.09000000,2.09380000,1748333879999999,229791.41578390,395,1.70365000,186971.76947230,0
1748333880000000,109737.09000000,109746.95000000,109701.85000000,109715.34000000,1.00819000,1748333939999999,110623.10760330,364,0.54384000,59674.23906390,0
1748333940000000,109715.33000000,109797.82000000,109686.17000000,109789.08000000,5.30234000,1748333999999999,581803.76286110,675,2.91625000,319998.84613460,0
1748334000000000,109789.09000000,109793.38000000,109683.05000000,109698.00000000,8.47398000,1748334059999999,929789.62037510,872,5.04380000,553383.92114310,0
1748334060000000,109697.99000000,109697.99000000,109658.43000000,109690.00000000,2.67863000,1748334119999999,293806.06805700,360,1.34402000,147408.89230820,0
1748334120000000,109690.00000000,109690.00000000,109659.63000000,109676.78000000,2.46164000,1748334179999999,269967.76247880,370,0.87701000,96175.95488460,0
1748334180000000,109677.37000000,109729.50000000,109677.37000000,109729.49000000,2.43140000,1748334239999999,266721.26879790,271,2.13709000,234427.50700110,0
1748334240000000,109729.49000000,109729.49000000,109701.25000000,109701.25000000,1.88915000,1748334299999999,207276.04598800,145,0.01403000,1539.10867780,0
1748334300000000,109701.26000000,109750.00000000,109701.25000000,109736.01000000,4.46287000,1748334359999999,489772.77365030,342,4.14232000,454593.94700780,0
1748334360000000,109736.02000000,109736.02000000,109692.00000000,109715.98000000,2.34636000,1748334419999999,257437.88372800,345,1.53168000,168053.24546710,0
1748334420000000,109715.99000000,109715.99000000,109708.02000000,109715.99000000,0.39886000,1748334479999999,43760.26158330,111,0.03067000,3364.91260610,0
1748334480000000,109715.99000000,109715.99000000,109700.02000000,109701.99000000,0.85770000,1748334539999999,94101.66831210,122,0.06898000,7567.98887660,0
1748334540000000,109700.21000000,109721.99000000,109700.21000000,109706.01000000,1.72654000,1748334599999999,189424.97336230,212,0.72369000,79395.61627500,0
1748334600000000,109706.00000000,109750.00000000,109705.94000000,109705.98000000,7.84568000,1748334659999999,861007.59942640,565,6.58765000,722966.26222060,0
1748334660000000,109705.99000000,109717.99000000,109608.97000000,109608.97000000,1.22139000,1748334719999999,133950.39134580,600,0.18916000,20751.54357140,0
1748334720000000,109608.96000000,109705.98000000,109593.65000000,109697.99000000,6.29573000,1748334779999999,690440.76271620,683,3.92780000,430832.90733530,0
1748334780000000,109696.01000000,109696.02000000,109648.02000000,109654.15000000,2.22672000,1748334839999999,244212.66935050,280,1.56838000,172004.61771660,0
1748334840000000,109654.15000000,109676.00000000,109640.82000000,109676.00000000,6.51613000,1748334899999999,714509.82925080,561,4.81396000,527866.52696160,0
1748334900000000,109677.99000000,109684.45000000,109624.00000000,109637.98000000,4.33828000,1748334959999999,475760.81671750,445,2.95975000,324588.85850710,0
1748334960000000,109637.98000000,109667.75000000,109606.01000000,109606.01000000,2.10855000,1748335019999999,231202.63411080,621,1.43424000,157273.03499970,0
1748335020000000,109606.02000000,109606.02000000,109537.69000000,109568.56000000,6.86288000,1748335079999999,751939.76302350,608,3.47477000,380693.16628420,0
1748335080000000,109568.56000000,109666.01000000,109568.56000000,109666.01000000,4.27266000,1748335139999999,468426.19610330,462,3.46102000,379439.95091230,0
1748335140000000,109666.01000000,109681.74000000,109650.75000000,109650.75000000,1.39038000,1748335199999999,152476.81204960,276,0.49780000,54592.88243610,0
1748335200000000,109650.76000000,109660.00000000,109650.01000000,109652.00000000,1.49124000,1748335259999999,163519.55932930,117,0.86118000,94429.71273140,0
1748335260000000,109652.00000000,109673.88000000,109652.00000000,109663.98000000,0.74005000,1748335319999999,81155.74357870,125,0.51569000,56550.51335200,0
1748335320000000,109663.98000000,109671.98000000,109663.98000000,109671.98000000,0.53850000,1748335379999999,59054.89795680,46,0.12984000,14239.49229140,0
1748335380000000,109671.99000000,109674.37000000,109646.01000000,109658.01000000,1.63791000,1748335439999999,179613.00705800,209,0.86729000,95104.87013290,0
1748335440000000,109658.01000000,109668.97000000,109591.82000000,109662.02000000,4.71049000,1748335499999999,516394.39752720,348,1.72634000,189235.40423120,0
1748335500000000,109662.01000000,109704.00000000,109662.01000000,109694.02000000,1.75048000,1748335559999999,192003.55942530,157,1.51430000,166096.08812750,0
1748335560000000,109694.02000000,109704.00000000,109694.01000000,109696.87000000,0.38058000,1748335619999999,41748.71470300,64,0.19899000,21828.27599220,0
1748335620000000,109694.01000000,109694.01000000,109683.42000000,109683.42000000,0.29527000,1748335679999999,32387.09757290,54,0.05218000,5723.59603430,0
1748335680000000,109683.42000000,109690.00000000,109682.16000000,109685.04000000,0.09526000,1748335739999999,10448.41662990,34,0.02781000,3050.31327530,0
1748335740000000,109685.04000000,109685.05000000,109635.02000000,109635.98000000,4.60393000,1748335799999999,504953.14882730,157,0.26116000,28632.37158370,0
1748335800000000,109635.99000000,109657.99000000,109624.01000000,109657.98000000,0.49457000,1748335859999999,54223.98976020,64,0.35971000,39437.88476420,0
1748335860000000,109657.99000000,109711.78000000,109646.60000000,109698.00000000,2.59613000,1748335919999999,284753.41488490,174,1.77092000,194233.64126070,0
1748335920000000,109696.01000000,109711.73000000,109676.00000000,109697.99000000,1.92824000,1748335979999999,211524.12408690,218,0.33922000,37210.07865430,0
1748335980000000,109697.99000000,109733.16000000,109690.03000000,109733.16000000,2.54896000,1748336039999999,279629.84485920,153,2.24610000,246406.88855550,0
1748336040000000,109734.87000000,109734.87000000,109690.01000000,109709.99000000,1.38266000,1748336099999999,151687.81410110,171,0.96243000,105583.53956660,0
1748336100000000,109709.99000000,109719.20000000,109688.88000000,109688.89000000,2.86192000,1748336159999999,313965.15801770,131,0.18223000,19989.94954910,0
1748336160000000,109688.89000000,109697.95000000,109676.61000000,109678.01000000,0.57196000,1748336219999999,62734.65602450,133,0.34842000,38216.09464280,0
1748336220000000,109678.01000000,109719.53000000,109678.01000000,109696.62000000,0.80452000,1748336279999999,88258.58658620,95,0.36708000,40266.46888700,0
1748336280000000,109696.61000000,109730.00000000,109694.01000000,109730.00000000,0.38782000,1748336339999999,42543.76773750,73,0.38433000,42160.89803540,0
1748336340000000,109729.99000000,109750.00000000,109729.99000000,109750.00000000,0.60974000,1748336399999999,66915.49335720,61,0.41107000,45113.23228310,0
1748336400000000,109750.00000000,109850.00000000,109749.89000000,109774.00000000,14.93986000,1748336459999999,1640454.09852740,672,13.69888000,1504217.13838450,0
1748336460000000,109774.00000000,109774.00000000,109754.00000000,109756.01000000,1.23869000,1748336519999999,135958.49038270,198,0.87174000,95680.70169580,0
1748336520000000,109756.02000000,109799.99000000,109756.01000000,109790.03000000,1.15874000,1748336579999999,127199.87449070,177,0.90711000,99571.56817520,0
1748336580000000,109790.03000000,109819.96000000,109790.00000000,109807.98000000,3.10390000,1748336639999999,340825.83895920,183,2.91036000,319574.21180870,0
1748336640000000,109807.98000000,109834.02000000,109807.98000000,109833.23000000,2.04708000,1748336699999999,224827.99745440,242,1.39460000,153164.26496840,0
1748336700000000,109833.23000000,109836.76000000,109771.92000000,109779.98000000,1.68618000,1748336759999999,185162.74727270,250,0.10974000,12048.88150900,0
1748336760000000,109779.99000000,109831.36000000,109726.03000000,109749.99000000,5.21981000,1748336819999999,573065.11673410,578,1.93570000,212514.97196020,0
1748336820000000,109750.00000000,109817.99000000,109750.00000000,109796.02000000,2.87910000,1748336879999999,316146.60515350,254,1.81596000,199403.27537640,0
1748336880000000,109796.02000000,109797.99000000,109762.01000000,109762.01000000,0.47432000,1748336939999999,52072.21182360,125,0.05844000,6416.41944990,0
1748336940000000,109758.86000000,109765.93000000,109747.83000000,109748.23000000,1.97902000,1748336999999999,217215.54891550,204,1.41965000,155818.95495070,0
1748337000000000,109748.23000000,109797.99000000,109738.42000000,109760.02000000,2.62250000,1748337059999999,287865.44177970,393,1.53532000,168519.25170670,0
1748337060000000,109760.02000000,109792.98000000,109760.02000000,109792.97000000,1.16344000,1748337119999999,127724.98839390,111,0.67567000,74171.41724480,0
1748337120000000,109792.97000000,109792.98000000,109764.63000000,109781.99000000,0.57161000,1748337179999999,62751.37784900,153,0.15828000,17375.56787940,0
1748337180000000,109782.04000000,109787.13000000,109782.04000000,109787.12000000,0.26061000,1748337239999999,28611.22805190,103,0.07887000,8658.65076180,0
1748337240000000,109787.12000000,109787.12000000,109768.01000000,109775.13000000,3.33193000,1748337299999999,365760.80374460,1138,1.58497000,173983.21124320,0
1748337300000000,109775.13000000,109777.59000000,109732.00000000,109732.00000000,1.61508000,1748337359999999,177273.95474690,631,0.66855000,73390.31096100,0
1748337360000000,109732.01000000,109732.01000000,109658.06000000,109687.19000000,1.84226000,1748337419999999,202080.03277020,707,0.61380000,67313.77060070,0
1748337420000000,109687.19000000,109725.54000000,109687.19000000,109708.00000000,1.11727000,1748337479999999,122568.52869250,361,0.75535000,82859.97907610,0
1748337480000000,109708.00000000,109728.18000000,109689.05000000,109689.05000000,1.74042000,1748337539999999,190949.44591590,372,0.61308000,67262.05894610,0
1748337540000000,109689.06000000,109696.89000000,109661.99000000,109661.99000000,1.27798000,1748337599999999,140179.07629890,442,0.50841000,55766.40954940,0
1748337600000000,109660.02000000,109660.02000000,109641.67000000,109657.53000000,1.08947000,1748337659999999,119463.36649380,165,0.82723000,90706.89290920,0
1748337660000000,109657.52000000,109657.53000000,109597.59000000,109597.59000000,1.28647000,1748337719999999,141023.01371770,272,0.02866000,3141.66355560,0
1748337720000000,109594.61000000,109607.85000000,109559.52000000,109607.85000000,8.21109000,1748337779999999,899746.52730960,1054,3.70259000,405709.50933740,0
1748337780000000,109607.85000000,109607.85000000,109533.20000000,109559.99000000,10.09865000,1748337839999999,1106462.97348140,747,3.29438000,360927.30729060,0
1748337840000000,109565.41000000,109565.42000000,109542.31000000,109550.06000000,2.88462000,1748337899999999,316016.09592230,318,1.21122000,132687.23916540,0
1748337900000000,109550.06000000,109594.80000000,109550.06000000,109588.72000000,2.77945000,1748337959999999,304552.96898980,506,2.54786000,279175.83482660,0
1748337960000000,109588.72000000,109588.72000000,109569.81000000,109585.70000000,1.59402000,1748338019999999,174674.11870470,151,0.59362000,65047.22708390,0
1748338020000000,109585.70000000,109585.70000000,109558.00000000,109563.99000000,1.36210000,1748338079999999,149247.71274720,181,0.27137000,29731.87931330,0
1748338080000000,109563.99000000,109594.00000000,109563.99000000,109578.00000000,2.26798000,1748338139999999,248506.65532930,405,2.01859000,221180.09165650,0
1748338140000000,109578.00000000,109578.00000000,109564.00000000,109564.01000000,2.74710000,1748338199999999,300999.78957730,301,0.94694000,103751.77375370,0
1748338200000000,109564.01000000,109588.00000000,109564.01000000,109587.99000000,1.14564000,1748338259999999,125538.84444470,298,0.84006000,92054.18219090,0
1748338260000000,109588.00000000,109588.00000000,109576.02000000,109581.99000000,0.58579000,1748338319999999,64194.62811450,130,0.03906000,4280.09120030,0
1748338320000000,109581.99000000,109600.00000000,109581.99000000,109599.99000000,0.47396000,1748338379999999,51942.43856560,135,0.35308000,38694.05997440,0
1748338380000000,109600.00000000,109606.95000000,109583.33000000,109583.33000000,1.40475000,1748338439999999,153960.59851200,255,0.93460000,102433.85484870,0
1748338440000000,109583.33000000,109587.00000000,109583.33000000,109586.99000000,0.30928000,1748338499999999,33892.52886250,42,0.14706000,16115.37558350,0
1748338500000000,109586.99000000,109606.94000000,109586.99000000,109606.00000000,0.39274000,1748338559999999,43042.12399500,77,0.38941000,42677.14367890,0
1748338560000000,109606.00000000,109606.01000000,109581.98000000,109581.99000000,1.63385000,1748338619999999,179066.02156500,164,0.02751000,3015.21757330,0
1748338620000000,109581.99000000,109631.45000000,109581.98000000,109623.80000000,2.01672000,1748338679999999,221063.36492290,312,1.12944000,123792.46442080,0
1748338680000000,109623.81000000,109623.81000000,109591.45000000,109605.99000000,4.36674000,1748338739999999,478609.96879220,217,2.05317000,225026.10339510,0
1748338740000000,109606.00000000,109606.00000000,109605.99000000,109606.00000000,0.06867000,1748338799999999,7526.64398990,27,0.06566000,7196.72996000,0
1748338800000000,109605.99000000,109608.79000000,109576.45000000,109607.20000000,5.04761000,1748338859999999,553204.72375600,267,3.92606000,430290.91968060,0
1748338860000000,109607.19000000,109611.72000000,109607.19000000,109611.67000000,2.64115000,1748338919999999,289491.39218390,148,2.42927000,266267.47489560,0
1748338920000000,109611.68000000,109616.93000000,109561.97000000,109561.99000000,2.05482000,1748338979999999,225213.52971240,604,1.37973000,151229.34380880,0
1748338980000000,109561.98000000,109561.98000000,109447.37000000,109478.86000000,5.41186000,1748339039999999,592568.05266940,522,1.15269000,126206.23766440,0
1748339040000000,109478.01000000,109642.39000000,109478.01000000,109636.92000000,7.42674000,1748339099999999,813734.74191310,528,5.90063000,646497.32266940,0
1748339100000000,109636.92000000,109805.76000000,109632.05000000,109781.99000000,5.27893000,1748339159999999,579374.91898950,878,3.20844000,352097.45205430,0
1748339160000000,109781.99000000,109816.12000000,109768.01000000,109768.02000000,2.86834000,1748339219999999,314915.78841300,1158,0.68523000,75235.49300460,0
1748339220000000,109768.01000000,109774.00000000,109747.68000000,109768.17000000,4.56199000,1748339279999999,500735.56731580,343,3.47642000,381577.69409510,0
1748339280000000,109769.99000000,109785.97000000,109717.98000000,109717.98000000,2.03281000,1748339339999999,223114.58597130,1195,0.82571000,90642.10972060,0
1748339340000000,109717.98000000,109717.98000000,109705.72000000,109717.39000000,0.60619000,1748339399999999,66506.39938570,304,0.25031000,27461.39057210,0
1748339400000000,109717.39000000,109780.00000000,109717.38000000,109780.00000000,2.62324000,1748339459999999,287939.16086940,403,2.57614000,282769.19926150,0
1748339460000000,109782.39000000,109783.88000000,109778.00000000,109783.88000000,0.88706000,1748339519999999,97382.24806930,125,0.30730000,33736.21421680,0
1748339520000000,109783.89000000,109814.20000000,109782.01000000,109782.02000000,1.18069000,1748339579999999,129645.70468700,578,0.65766000,72215.02577170,0
1748339580000000,109782.02000000,109785.99000000,109751.03000000,109758.00000000,0.99792000,1748339639999999,109537.54962590,753,0.53624000,58856.53633360,0
1748339640000000,109758.00000000,109939.99000000,109758.00000000,109939.99000000,9.32757000,1748339699999999,1024885.36855670,2495,7.02168000,771460.20489160,0
1748339700000000,109939.99000000,109940.00000000,109926.89000000,109926.89000000,1.70128000,1748339759999999,187032.20275850,280,0.69254000,76134.95288880,0
1748339760000000,109926.90000000,109926.90000000,109904.00000000,109920.19000000,0.57972000,1748339819999999,63717.90507900,412,0.23655000,25999.88199350,0
1748339820000000,109920.19000000,109920.19000000,109908.01000000,109908.01000000,0.41619000,1748339879999999,45746.76993990,136,0.19682000,21634.45774440,0
1748339880000000,109908.02000000,109908.06000000,109880.22000000,109880.22000000,2.93067000,1748339939999999,322093.11782360,181,0.67465000,74149.45992380,0
1748339940000000,109880.23000000,109885.99000000,109862.37000000,109885.98000000,2.39421000,1748339999999999,263068.42842940,302,0.82327000,90459.09179410,0
1748340000000000,109885.99000000,109908.00000000,109885.99000000,109886.01000000,1.52104000,1748340059999999,167155.83075830,411,0.82210000,90341.91016400,0
1748340060000000,109886.00000000,109886.00000000,109870.01000000,109877.58000000,0.60491000,1748340119999999,66465.26054940,135,0.32448000,35652.04247440,0
1748340120000000,109877.58000000,109877.59000000,109861.24000000,109861.24000000,0.74830000,1748340179999999,82216.45657150,203,0.47423000,52103.81766850,0
1748340180000000,109861.25000000,109873.99000000,109861.24000000,109870.00000000,0.34900000,1748340239999999,38343.21005830,84,0.32545000,35755.89970950,0
1748340240000000,109870.00000000,109870.01000000,109852.47000000,109863.99000000,1.97508000,1748340299999999,216984.38279940,134,0.08392000,9219.68096220,0
1748340300000000,109863.99000000,109874.80000000,109863.99000000,109874.80000000,0.27701000,1748340359999999,30434.72378510,102,0.27593000,30316.06592390,0
1748340360000000,109874.79000000,109875.98000000,109866.01000000,109866.01000000,0.05874000,1748340419999999,6453.67749700,81,0.03051000,3352.02649240,0
1748340420000000,109866.02000000,109868.22000000,109818.45000000,109826.00000000,1.31420000,1748340479999999,144353.77660570,384,0.20168000,22154.76807570,0
1748340480000000,109827.98000000,109827.99000000,109820.89000000,109827.99000000,1.00671000,1748340539999999,110561.27618360,111,0.47957000,52667.27307510,0
1748340540000000,109827.98000000,109840.00000000,109827.98000000,109840.00000000,0.51509000,1748340599999999,56572.82418040,110,0.31512000,34610.52301980,0
1748340600000000,109839.99000000,109857.99000000,109839.99000000,109850.01000000,0.51187000,1748340659999999,56230.79319920,103,0.03660000,4020.38468870,0
1748340660000000,109850.01000000,109850.02000000,109822.00000000,109822.00000000,0.77641000,1748340719999999,85283.81806040,170,0.00206000,226.29104120,0
1748340720000000,109822.00000000,109822.00000000,109796.98000000,109796.98000000,0.71366000,1748340779999999,78361.79506060,176,0.25492000,27990.65301360,0
1748340780000000,109796.99000000,109798.00000000,109796.99000000,109797.99000000,0.25230000,1748340839999999,27702.02931470,26,0.01146000,1258.28140310,0
1748340840000000,109797.99000000,109850.00000000,109797.99000000,109850.00000000,0.81343000,1748340899999999,89340.32622880,260,0.77596000,85225.83129770,0
1748340900000000,109850.00000000,109898.65000000,109850.00000000,109898.65000000,0.88141000,1748340959999999,96838.25570830,297,0.82228000,90340.73352920,0
1748340960000000,109899.45000000,109899.45000000,109883.33000000,109887.69000000,1.10337000,1748341019999999,121253.89329340,140,0.03432000,3771.47402910,0
1748341020000000,109887.69000000,109887.70000000,109887.69000000,109887.70000000,0.05514000,1748341079999999,6059.20775230,16,0.05257000,5776.79638900,0
1748341080000000,109887.70000000,109887.70000000,109885.78000000,109885.78000000,1.15089000,1748341139999999,126466.71574320,559,0.05573000,6123.94851090,0
1748341140000000,109885.78000000,109885.78000000,109870.09000000,109872.01000000,0.66310000,1748341199999999,72860.68580030,1555,0.17585000,19321.42443610,0
1748341200000000,109872.01000000,109873.79000000,109833.69000000,109833.70000000,2.25076000,1748341259999999,247260.42634880,719,0.73405000,80640.77895260,0
1748341260000000,109833.70000000,109833.70000000,109804.57000000,109814.20000000,0.40045000,1748341319999999,43977.23692070,107,0.10504000,11534.05085250,0
1748341320000000,109815.98000000,109840.00000000,109812.84000000,109812.84000000,0.84026000,1748341379999999,92282.37829850,243,0.25707000,28233.68553820,0
1748341380000000,109812.84000000,109812.85000000,109812.84000000,109812.85000000,0.12354000,1748341439999999,13566.27933880,52,0.10852000,11916.89048200,0
1748341440000000,109812.84000000,109812.85000000,109792.02000000,109792.02000000,1.21270000,1748341499999999,133165.37109770,114,0.40806000,44810.15362440,0
1748341500000000,109792.02000000,109815.98000000,109792.02000000,109806.02000000,0.41148000,1748341559999999,45184.30095380,128,0.14088000,15469.12828710,0
1748341560000000,109806.01000000,109821.00000000,109806.01000000,109820.99000000,0.54915000,1748341619999999,60302.17542330,154,0.46016000,50530.52244900,0
1748341620000000,109820.99000000,109820.99000000,109798.00000000,109801.15000000,1.71797000,1748341679999999,188648.00105250,196,0.22997000,25250.63275430,0
1748341680000000,109801.14000000,109860.73000000,109801.14000000,109840.00000000,0.99843000,1748341739999999,109663.86122220,1489,0.48604000,53377.60292300,0
1748341740000000,109840.00000000,109840.00000000,109839.55000000,109839.56000000,1.40009000,1748341799999999,153785.81712980,629,1.03724000,113930.43042140,0
1748341800000000,109839.56000000,109853.99000000,109804.48000000,109804.48000000,1.53331000,1748341859999999,168410.44241920,509,0.30474000,33473.26342860,0
1748341860000000,109804.48000000,109804.48000000,109794.00000000,109794.01000000,0.71195000,1748341919999999,78171.03436170,503,0.13381000,14692.50390550,0
1748341920000000,109794.01000000,109808.00000000,109794.01000000,109806.01000000,0.32849000,1748341979999999,36069.36876050,192,0.17902000,19656.37187270,0
1748341980000000,109806.01000000,109806.02000000,109794.07000000,109801.79000000,0.88085000,1748342039999999,96713.96347950,177,0.77780000,85398.84407770,0
1748342040000000,109801.79000000,109808.50000000,109801.79000000,109808.50000000,1.76728000,1748342099999999,194062.17408660,166,1.41871000,155786.23010530,0
1748342100000000,109808.50000000,109812.28000000,109808.49000000,109808.49000000,2.27941000,1748342159999999,250303.50618360,98,2.20492000,242123.84225220,0
1748342160000000,109808.49000000,109818.26000000,109808.49000000,109818.26000000,0.71001000,1748342219999999,77966.92672050,66,0.60934000,66912.50554420,0
1748342220000000,109818.25000000,109818.25000000,109762.00000000,109813.88000000,2.95052000,1748342279999999,323947.59537910,701,1.89496000,208059.23972330,0
1748342280000000,109813.87000000,109813.87000000,109804.01000000,109807.58000000,0.64046000,1748342339999999,70325.76148780,98,0.17329000,19028.15894970,0
1748342340000000,109807.57000000,109807.58000000,109804.10000000,109804.11000000,0.20390000,1748342399999999,22389.24602650,44,0.16315000,17914.65030260,0
1748342400000000,109804.10000000,109804.10000000,109796.00000000,109796.00000000,0.27423000,1748342459999999,30110.60256820,90,0.01565000,1718.31316650,0
1748342460000000,109796.00000000,109796.01000000,109753.14000000,109760.57000000,0.94180000,1748342519999999,103379.11170140,241,0.20325000,22308.54280050,0
1748342520000000,109760.58000000,109760.58000000,109692.80000000,109696.00000000,4.05861000,1748342579999999,445303.90754210,428,0.38237000,41950.86075000,0
1748342580000000,109696.00000000,109720.79000000,109681.83000000,109720.78000000,1.89013000,1748342639999999,207343.50987930,318,0.56529000,62012.72724990,0
1748342640000000,109720.79000000,109731.77000000,109720.78000000,109724.44000000,0.80508000,1748342699999999,88336.12989530,76,0.58966000,64699.98522470,0
1748342700000000,109724.43000000,109724.43000000,109717.24000000,109717.25000000,0.47462000,1748342759999999,52075.41578380,73,0.01203000,1319.91089940,0
1748342760000000,109717.24000000,109717.25000000,109706.00000000,109706.00000000,1.44196000,1748342819999999,158202.01532320,150,0.19324000,21201.26716560,0
1748342820000000,109706.01000000,109739.87000000,109706.01000000,109736.19000000,0.79265000,1748342879999999,86975.79725380,415,0.64051000,70279.98125190,0
1748342880000000,109736.19000000,109770.00000000,109736.01000000,109764.00000000,1.42425000,1748342939999999,156311.61209110,327,0.52916000,58074.75343560,0
1748342940000000,109763.44000000,109763.44000000,109752.01000000,109752.01000000,0.61887000,1748342999999999,67924.44529480,101,0.05381000,5905.77835580,0
1748343000000000,109752.02000000,109789.93000000,109752.01000000,109781.11000000,1.67337000,1748343059999999,183700.24270900,489,1.38626000,152182.03486550,0
1748343060000000,109781.12000000,109781.12000000,109766.06000000,109766.07000000,0.91260000,1748343119999999,100184.94498700,121,0.12933000,14197.78652800,0
1748343120000000,109766.07000000,109766.07000000,109766.06000000,109766.06000000,0.15888000,1748343179999999,17439.63264420,42,0.10314000,11321.27245980,0
1748343180000000,109766.07000000,109772.00000000,109759.14000000,109761.99000000,0.50391000,1748343239999999,55312.04322370,144,0.20759000,22785.54389470,0
1748343240000000,109761.99000000,109761.99000000,109761.98000000,109761.99000000,0.29055000,1748343299999999,31891.34607290,54,0.27839000,30556.64039610,0
1748343300000000,109761.98000000,109761.99000000,109756.13000000,109756.13000000,0.69175000,1748343359999999,75927.03888720,545,0.05991000,6575.79409970,0
1748343360000000,109756.14000000,109756.14000000,109728.31000000,109740.01000000,1.96097000,1748343419999999,215191.36552520,639,1.02441000,112410.51538100,0
1748343420000000,109740.01000000,109740.01000000,109726.03000000,109726.04000000,1.14507000,1748343479999999,125652.61283100,1346,0.05634000,6182.44706060,0
1748343480000000,109726.04000000,109759.14000000,109726.04000000,109750.02000000,1.16119000,1748343539999999,127436.13089550,1185,0.76918000,84410.09648390,0
1748343540000000,109750.02000000,109750.02000000,109742.78000000,109742.78000000,0.27659000,1748343599999999,30355.10246010,485,0.02542000,2789.72364950,0
1748343600000000,109742.78000000,109742.78000000,109719.50000000,109719.87000000,1.97768000,1748343659999999,217006.69938090,1570,0.08484000,9309.19986710,0
1748343660000000,109719.86000000,109719.86000000,109704.57000000,109704.58000000,0.47362000,1748343719999999,51959.06413950,174,0.16771000,18398.55511180,0
1748343720000000,109704.57000000,109704.58000000,109662.43000000,109667.98000000,1.51387000,1748343779999999,166049.35624190,454,0.61380000,67322.03828760,0
1748343780000000,109667.99000000,109692.01000000,109667.98000000,109692.01000000,0.24665000,1748343839999999,27050.77387930,188,0.22420000,24588.72556560,0
1748343840000000,109692.02000000,109695.99000000,109692.01000000,109695.98000000,0.17592000,1748343899999999,19297.33056100,105,0.09284000,10184.00346880,0
1748343900000000,109695.98000000,109710.41000000,109695.98000000,109710.41000000,0.39146000,1748343959999999,42941.79525080,242,0.32545000,35700.75048880,0
1748343960000000,109710.41000000,109710.41000000,109692.84000000,109706.97000000,1.17264000,1748344019999999,128641.96287610,128,0.48347000,53036.93994110,0
1748344020000000,109706.96000000,109706.96000000,109696.35000000,109696.36000000,0.73798000,1748344079999999,80954.72762950,81,0.66928000,73418.30640440,0
1748344080000000,109696.36000000,109714.87000000,109696.35000000,109714.87000000,1.14981000,1748344139999999,126134.11007250,165,0.98963000,108561.75243150,0
1748344140000000,109714.87000000,109771.72000000,109714.87000000,109771.71000000,1.34827000,1748344199999999,147947.95971720,269,1.28382000,140875.01691110,0
1748344200000000,109771.71000000,109818.36000000,109771.71000000,109788.00000000,0.86647000,1748344259999999,95147.44558540,289,0.53623000,58882.64078300,0
1748344260000000,109788.01000000,109788.01000000,109688.86000000,109696.00000000,1.51560000,1748344319999999,166278.35511020,377,0.47785000,52416.39092700,0
1748344320000000,109696.01000000,109698.27000000,109668.24000000,109668.24000000,0.87101000,1748344379999999,95541.54746790,254,0.41971000,46037.31553600,0
1748344380000000,109668.23000000,109674.48000000,109668.23000000,109674.48000000,0.73431000,1748344439999999,80533.76566210,67,0.56236000,61675.25689440,0
1748344440000000,109674.48000000,109674.48000000,109670.00000000,109672.00000000,0.76584000,1748344499999999,83990.28219480,70,0.69816000,76567.65291750,0
1748344500000000,109671.99000000,109671.99000000,109633.72000000,109635.99000000,1.20845000,1748344559999999,132504.71794800,229,0.52839000,57932.57453610,0
1748344560000000,109635.99000000,109636.88000000,109605.36000000,109605.37000000,1.98690000,1748344619999999,217817.19790070,303,0.11217000,12297.52113750,0
1748344620000000,109605.36000000,109605.36000000,109507.87000000,109545.99000000,5.40788000,1748344679999999,592380.32121860,1588,2.06913000,226655.22098710,0
1748344680000000,109546.00000000,109546.00000000,109535.91000000,109536.02000000,0.71378000,1748344739999999,78186.31371510,123,0.21164000,23182.26516850,0
1748344740000000,109536.01000000,109543.99000000,109533.80000000,109543.99000000,1.11043000,1748344799999999,121632.54672480,260,0.46346000,50765.71142590,0
1748344800000000,109543.99000000,109622.00000000,109543.99000000,109622.00000000,4.39536000,1748344859999999,481663.49566140,1158,1.22920000,134717.97785660,0
1748344860000000,109621.99000000,109693.99000000,109621.99000000,109693.99000000,3.59517000,1748344919999999,394240.96671360,597,3.57932000,392502.70193160,0
1748344920000000,109693.99000000,109699.99000000,109661.90000000,109662.01000000,0.57385000,1748344979999999,62944.09202690,354,0.17809000,19532.93144160,0
1748344980000000,109662.01000000,109662.01000000,109656.01000000,109656.02000000,0.30199000,1748345039999999,33115.64619930,60,0.10584000,11606.21521360,0
1748345040000000,109656.02000000,109656.02000000,109595.21000000,109607.99000000,2.50244000,1748345099999999,274325.09027440,267,0.78567000,86122.89032200,0
1748345100000000,109607.08000000,109614.31000000,109562.71000000,109612.01000000,4.79693000,1748345159999999,525692.85987980,415,1.95153000,213870.75152380,0
1748345160000000,109612.01000000,109650.00000000,109612.00000000,109649.99000000,1.77220000,1748345219999999,194280.28871900,303,1.76641000,193645.60849090,0
1748345220000000,109650.00000000,109650.01000000,109627.76000000,109627.76000000,3.61449000,1748345279999999,396304.97580770,196,0.33298000,36506.90487450,0
1748345280000000,109618.98000000,109618.99000000,109600.66000000,109610.17000000,1.38833000,1748345339999999,152176.65350490,195,0.11443000,12542.07288200,0
1748345340000000,109610.18000000,109610.18000000,109574.86000000,109574.86000000,1.14828000,1748345399999999,125851.24403500,120,0.01290000,1413.81878280,0
1748345400000000,109574.87000000,109574.87000000,109562.00000000,109562.00000000,1.89664000,1748345459999999,207806.72172630,137,0.01865000,2043.41584810,0
1748345460000000,109562.00000000,109571.99000000,109550.46000000,109571.99000000,5.85926000,1748345519999999,641925.41326840,298,2.81775000,308696.72577870,0
1748345520000000,109571.98000000,109571.99000000,109550.36000000,109550.37000000,2.97474000,1748345579999999,325935.92932110,472,0.02350000,2574.81084990,0
1748345580000000,109550.37000000,109557.90000000,109550.27000000,109556.95000000,1.25810000,1748345639999999,137826.48813780,103,0.45738000,50107.15393320,0
1748345640000000,109556.96000000,109571.32000000,109556.01000000,109556.01000000,3.19130000,1748345699999999,349662.76221720,232,0.82555000,90449.93317300,0
1748345700000000,109556.01000000,109556.53000000,109536.35000000,109540.70000000,2.00176000,1748345759999999,219292.30290950,160,0.15029000,16463.71834950,0
1748345760000000,109541.98000000,109544.74000000,109541.98000000,109544.71000000,1.13777000,1748345819999999,124636.67301880,103,0.07406000,8112.85340260,0
1748345820000000,109544.71000000,109544.72000000,109522.85000000,109522.86000000,2.08584000,1748345879999999,228483.44084910,225,0.00874000,957.32912390,0
1748345880000000,109522.85000000,109531.27000000,109501.18000000,109502.00000000,8.29392000,1748345939999999,908284.15056930,558,1.64539000,180188.66686460,0
1748345940000000,109502.00000000,109531.76000000,109489.98000000,109521.60000000,3.37734000,1748345999999999,369861.51827100,597,1.32436000,145028.74422740,0
1748346000000000,109521.60000000,109523.80000000,109498.56000000,109519.21000000,2.66934000,1748346059999999,292350.00125520,531,0.15740000,17237.20748510,0
1748346060000000,109521.83000000,109552.65000000,109521.83000000,109552.00000000,3.83908000,1748346119999999,420522.03679020,614,0.57315000,62781.50938220,0
1748346120000000,109552.01000000,109561.61000000,109550.67000000,109550.68000000,1.90169000,1748346179999999,208347.64462480,184,0.32277000,35361.12815050,0
1748346180000000,109550.68000000,109551.25000000,109539.79000000,109539.79000000,1.50950000,1748346239999999,165366.02741070,176,0.13813000,15132.25223970,0
1748346240000000,109539.79000000,109569.59000000,109539.78000000,109569.58000000,0.76513000,1748346299999999,83820.50882090,305,0.57533000,63029.78799570,0
1748346300000000,109569.58000000,109572.48000000,109559.26000000,109569.58000000,2.19683000,1748346359999999,240704.75704100,304,0.17125000,18763.33474190,0
1748346360000000,109569.59000000,109638.74000000,109569.59000000,109638.73000000,1.84457000,1748346419999999,202168.02725450,347,0.64346000,70521.35689640,0
1748346420000000,109638.73000000,109638.74000000,109612.00000000,109612.00000000,2.38642000,1748346479999999,261638.76028220,333,0.00584000,640.28589000,0
1748346480000000,109612.00000000,109612.00000000,109578.73000000,109586.36000000,2.29514000,1748346539999999,251518.80191040,188,0.09856000,10800.72627370,0
1748346540000000,109586.37000000,109586.37000000,109554.00000000,109554.01000000,4.46356000,1748346599999999,489110.13034860,455,0.06024000,6599.55663760,0
1748346600000000,109554.00000000,109582.00000000,109554.00000000,109582.00000000,5.44712000,1748346659999999,596867.56534760,478,3.72144000,407767.52798880,0
1748346660000000,109581.99000000,109590.07000000,109581.99000000,109589.26000000,0.36924000,1748346719999999,40462.70395580,136,0.18280000,20032.23531960,0
1748346720000000,109591.40000000,109595.15000000,109591.40000000,109595.14000000,0.13442000,1748346779999999,14731.58724510,58,0.12045000,13200.54313930,0
1748346780000000,109595.15000000,109601.99000000,109595.15000000,109601.99000000,0.53745000,1748346839999999,58903.52138560,153,0.43689000,47882.02341900,0
1748346840000000,109601.99000000,109612.62000000,109601.98000000,109612.62000000,0.53578000,1748346899999999,58724.41294040,112,0.35238000,38623.40980840,0
1748346900000000,109612.61000000,109669.98000000,109612.61000000,109654.03000000,4.62834000,1748346959999999,507484.75583100,569,2.38785000,261785.78066480,0
1748346960000000,109654.02000000,109654.03000000,109640.00000000,109640.01000000,1.23087000,1748347019999999,134962.03868980,193,0.14666000,16080.75063720,0
1748347020000000,109640.00000000,109647.99000000,109640.00000000,109647.98000000,0.19003000,1748347079999999,20835.91542740,86,0.15957000,17496.03883440,0
1748347080000000,109647.99000000,109648.00000000,109647.98000000,109648.00000000,1.55776000,1748347139999999,170805.24560270,113,0.80002000,87720.58523660,0
1748347140000000,109648.00000000,109648.00000000,109630.70000000,109647.12000000,1.48580000,1748347199999999,162908.96355680,315,0.49484000,54253.76217790,0
1748347200000000,109647.13000000,109647.99000000,109633.64000000,109638.00000000,3.32964000,1748347259999999,365073.33564650,380,0.33302000,36511.73531230,0
1748347260000000,109638.00000000,109638.01000000,109634.86000000,109634.86000000,0.50337000,1748347319999999,55188.23656070,68,0.10329000,11324.31986310,0
1748347320000000,109634.86000000,109642.41000000,109608.00000000,109642.41000000,3.18464000,1748347379999999,349140.38565590,427,0.92525000,101437.14372830,0
1748347380000000,109643.99000000,109644.05000000,109624.09000000,109627.81000000,7.17626000,1748347439999999,786785.97344800,1041,0.76663000,84049.76596980,0
1748347440000000,109627.80000000,109630.24000000,109627.80000000,109630.24000000,0.98159000,1748347499999999,107611.79638240,138,0.14925000,16362.21791050,0
1748347500000000,109630.23000000,109651.85000000,109630.23000000,109651.85000000,1.03793000,1748347559999999,113798.89873970,226,0.50389000,55246.01670720,0
1748347560000000,109651.84000000,109775.91000000,109651.84000000,109775.90000000,4.53989000,1748347619999999,498228.78735680,882,4.15341000,455813.47621300,0
1748347620000000,109775.91000000,109806.53000000,109732.00000000,109754.40000000,6.55732000,1748347679999999,719772.39357530,703,3.65381000,401053.71740810,0
1748347680000000,109754.39000000,109825.48000000,109743.80000000,109825.48000000,6.72966000,1748347739999999,738769.19311810,1036,5.60705000,615554.17127720,0
1748347740000000,109825.48000000,109856.74000000,109816.00000000,109822.68000000,3.96723000,1748347799999999,435719.68176320,433,3.00382000,329907.20465860,0
1748347800000000,109822.67000000,109822.67000000,109730.74000000,109730.75000000,2.39623000,1748347859999999,263028.83451150,731,0.05080000,5575.70986960,0
1748347860000000,109730.76000000,109755.97000000,109730.76000000,109746.96000000,1.51005000,1748347919999999,165716.21530580,358,0.88708000,97343.82530790,0
1748347920000000,109746.95000000,109746.95000000,109733.77000000,109733.78000000,1.03516000,1748347979999999,113595.84909520,131,0.45744000,50197.88936140,0
1748347980000000,109733.77000000,109786.74000000,109714.95000000,109786.74000000,4.16961000,1748348039999999,457567.74556590,611,3.34779000,367383.47641320,0
1748348040000000,109786.74000000,109819.37000000,109748.00000000,109748.01000000,4.22231000,1748348099999999,463609.90642490,352,2.98337000,327588.55995200,0
1748348100000000,109748.00000000,109776.80000000,109748.00000000,109776.79000000,0.58070000,1748348159999999,63735.04540400,228,0.35030000,38448.17595210,0
1748348160000000,109776.80000000,109798.50000000,109776.80000000,109798.50000000,0.64300000,1748348219999999,70592.55798000,157,0.59389000,65201.08733610,0
1748348220000000,109798.50000000,109799.99000000,109790.57000000,109795.65000000,0.07048000,1748348279999999,7738.56840190,85,0.06129000,6729.52975260,0
1748348280000000,109795.64000000,109800.29000000,109778.00000000,109778.01000000,1.56923000,1748348339999999,172290.45352010,194,1.00240000,110055.28343500,0
1748348340000000,109778.00000000,109778.00000000,109650.75000000,109694.37000000,7.36083000,1748348399999999,807410.91315950,496,2.18995000,240174.81801270,0
1748348400000000,109694.37000000,109866.66000000,109694.37000000,109866.65000000,3.59536000,1748348459999999,394716.66321060,905,3.47413000,381406.82204120,0
1748348460000000,109866.66000000,109880.00000000,109828.38000000,109830.00000000,1.19093000,1748348519999999,130830.18521880,469,0.31701000,34826.65648380,0
1748348520000000,109830.01000000,109846.07000000,109812.01000000,109820.43000000,3.40930000,1748348579999999,374448.47895820,321,2.14866000,236004.10359860,0
1748348580000000,109820.43000000,109838.43000000,109792.00000000,109792.01000000,5.20833000,1748348639999999,571990.74664640,446,2.53705000,278639.80141170,0
1748348640000000,109792.01000000,109819.99000000,109782.96000000,109814.59000000,6.81940000,1748348699999999,748776.60862910,505,4.34311000,476890.71176080,0
1748348700000000,109814.59000000,109858.86000000,109814.59000000,109852.00000000,6.36538000,1748348759999999,699141.78332440,382,4.99214000,548324.89933490,0
1748348760000000,109852.00000000,109852.00000000,109831.96000000,109843.84000000,3.30359000,1748348819999999,362858.64110940,969,2.64580000,290605.78667030,0
1748348820000000,109843.84000000,109876.62000000,109843.84000000,109844.01000000,6.63515000,1748348879999999,728959.72281640,879,1.78094000,195656.01093800,0
1748348880000000,109844.00000000,109880.87000000,109844.00000000,109873.73000000,5.10544000,1748348939999999,560877.03499810,438,4.75442000,522313.69212180,0
1748348940000000,109873.74000000,109873.74000000,109849.21000000,109852.01000000,4.82538000,1748348999999999,530086.01257930,742,3.54881000,389840.96504630,0
1748349000000000,109852.00000000,109858.00000000,109818.85000000,109818.85000000,1.34818000,1748349059999999,148090.45915150,207,0.43604000,47897.05815080,0
1748349060000000,109817.64000000,109818.00000000,109790.00000000,109790.00000000,0.60310000,1748349119999999,66222.80172210,141,0.22887000,25129.95596230,0
1748349120000000,109790.00000000,109796.39000000,109757.82000000,109757.82000000,3.37572000,1748349179999999,370596.96364680,409,2.02183000,221960.43709710,0
1748349180000000,109757.82000000,109771.88000000,109739.60000000,109771.88000000,2.16619000,1748349239999999,237740.95028410,332,1.38429000,151923.18966380,0
1748349240000000,109771.88000000,109791.99000000,109771.87000000,109791.98000000,0.90456000,1748349299999999,99302.17660770,339,0.89839000,98624.87310930,0
1748349300000000,109791.99000000,109791.99000000,109766.01000000,109766.01000000,0.38718000,1748349359999999,42504.39796880,184,0.01557000,1709.37012960,0
1748349360000000,109766.02000000,109767.97000000,109718.02000000,109718.02000000,0.91762000,1748349419999999,100705.02173970,247,0.37462000,41116.39651110,0
1748349420000000,109718.01000000,109718.01000000,109710.17000000,109711.14000000,2.90722000,1748349479999999,318957.00123840,153,1.95046000,213987.23228720,0
1748349480000000,109711.13000000,109731.94000000,109711.13000000,109715.13000000,2.07610000,1748349539999999,227782.01323970,225,1.94318000,213197.96550320,0
1748349540000000,109715.13000000,109723.59000000,109712.58000000,109713.99000000,0.35548000,1748349599999999,39002.92063170,106,0.21148000,23202.80840370,0
1748349600000000,109713.99000000,109723.98000000,109691.19000000,109708.00000000,1.62891000,1748349659999999,178706.62337030,355,0.62520000,68588.38341880,0
1748349660000000,109707.99000000,109707.99000000,109676.48000000,109676.48000000,1.99284000,1748349719999999,218593.28346720,339,0.01578000,1730.86557670,0
1748349720000000,109676.48000000,109676.49000000,109562.37000000,109593.98000000,8.36190000,1748349779999999,916602.23966000,819,1.95003000,213695.34059150,0
1748349780000000,109593.99000000,109608.38000000,109515.16000000,109521.43000000,9.58421000,1748349839999999,1049940.10191070,1074,1.88625000,206641.36364100,0
1748349840000000,109521.43000000,109550.17000000,109520.01000000,109540.01000000,2.65747000,1748349899999999,291086.12761580,362,1.18643000,129956.01734820,0
1748349900000000,109540.01000000,109613.31000000,109540.00000000,109613.30000000,4.50028000,1748349959999999,493111.34567990,593,3.53075000,386856.73992890,0
1748349960000000,109613.30000000,109622.21000000,109588.01000000,109593.98000000,6.65491000,1748350019999999,729388.41849940,1220,0.59492000,65202.73479580,0
1748350020000000,109593.98000000,109634.74000000,109593.98000000,109634.74000000,0.69532000,1748350079999999,76216.04379280,288,0.56087000,61479.61537200,0
1748350080000000,109634.73000000,109640.76000000,109618.01000000,109640.75000000,1.58614000,1748350139999999,173890.22748530,194,0.35477000,38891.52932460,0
1748350140000000,109640.76000000,109640.76000000,109603.91000000,109603.92000000,3.20328000,1748350199999999,351170.55460350,1105,0.10837000,11880.77595580,0
1748350200000000,109603.92000000,109603.92000000,109560.91000000,109560.92000000,2.66425000,1748350259999999,291951.75796680,565,0.24500000,26843.91402400,0
1748350260000000,109560.91000000,109581.82000000,109560.91000000,109578.00000000,5.69858000,1748350319999999,624421.32870870,815,0.91067000,99781.56802090,0
1748350320000000,109578.00000000,109578.00000000,109560.85000000,109561.99000000,5.97327000,1748350379999999,654451.13502140,778,0.07077000,7753.63874290,0
1748350380000000,109561.98000000,109593.99000000,109561.98000000,109588.00000000,5.28415000,1748350439999999,579053.15584830,957,0.98281000,107701.01929090,0
1748350440000000,109588.00000000,109602.01000000,109588.00000000,109602.00000000,5.01286000,1748350499999999,549358.42977720,772,0.31231000,34226.79254370,0
1748350500000000,109602.00000000,109615.01000000,109602.00000000,109610.01000000,6.15385000,1748350559999999,674536.15502200,760,1.20253000,131809.42085140,0
1748350560000000,109610.01000000,109623.98000000,109610.01000000,109623.98000000,6.70672000,1748350619999999,735179.31220710,858,1.24144000,136082.15403710,0
1748350620000000,109623.98000000,109651.15000000,109623.98000000,109651.14000000,5.27955000,1748350679999999,578860.68291770,795,0.35902000,39363.41287680,0
1748350680000000,109651.14000000,109665.40000000,109651.14000000,109656.40000000,5.16129000,1748350739999999,565973.87851390,753,0.45184000,49547.27954000,0
1748350740000000,109656.40000000,109656.60000000,109656.40000000,109656.59000000,4.75225000,1748350799999999,521114.89893290,677,0.73420000,80509.74709950,0
1748350800000000,109656.59000000,109677.74000000,109654.00000000,109664.00000000,6.46723000,1748350859999999,709217.88102980,857,1.43211000,157042.38223770,0
1748350860000000,109664.00000000,109671.99000000,109664.00000000,109671.98000000,4.00386000,1748350919999999,439090.32056460,696,0.09788000,10734.33004120,0
1748350920000000,109671.98000000,109696.00000000,109663.15000000,109664.21000000,3.90483000,1748350979999999,428279.33046600,709,0.53392000,58563.25342090,0
1748350980000000,109664.21000000,109664.22000000,109634.00000000,109634.00000000,5.33705000,1748351039999999,585226.32216930,736,0.04514000,4949.56054080,0
1748351040000000,109634.00000000,109653.61000000,109626.38000000,109653.59000000,2.09043000,1748351099999999,229194.24837810,237,0.92530000,101450.56541060,0
1748351100000000,109653.60000000,109715.89000000,109653.59000000,109715.89000000,1.46602000,1748351159999999,160795.79938250,186,1.25316000,137454.91316780,0
1748351160000000,109715.88000000,109780.00000000,109715.88000000,109780.00000000,3.47510000,1748351219999999,381349.30879220,355,3.26897000,358727.76825130,0
1748351220000000,109779.99000000,109836.51000000,109762.88000000,109816.02000000,9.91549000,1748351279999999,1088739.26133060,684,4.91897000,540125.84065100,0
1748351280000000,109816.01000000,110290.00000000,109794.74000000,110167.10000000,59.80242000,1748351339999999,6582181.42686970,6510,45.86391000,5047071.50965210,0
1748351340000000,110167.10000000,110280.62000000,110035.60000000,110217.96000000,35.05511000,1748351399999999,3861710.11603180,3863,18.18472000,2003089.35503310,0
1748351400000000,110211.88000000,110392.19000000,110180.17000000,110357.99000000,17.71144000,1748351459999999,1954064.71675780,3198,10.78805000,1190227.28425730,0
1748351460000000,110357.19000000,110399.99000000,110185.99000000,110277.98000000,14.59933000,1748351519999999,1609978.95744460,2385,6.12328000,675364.83855630,0
1748351520000000,110277.99000000,110416.81000000,110277.99000000,110410.00000000,15.85295000,1748351579999999,1749884.66003790,1558,7.88847000,870687.37112300,0
1748351580000000,110410.00000000,110622.00000000,110410.00000000,110502.00000000,42.95650000,1748351639999999,4747498.09314950,5847,28.90847000,3194726.61054370,0
1748351640000000,110502.00000000,110596.50000000,110430.00000000,110430.02000000,18.05382000,1748351699999999,1995024.88836230,2123,8.07413000,892264.62915800,0
1748351700000000,110430.01000000,110438.00000000,110315.98000000,110399.99000000,11.52190000,1748351759999999,1271795.13830180,2093,3.72018000,410617.34460650,0
1748351760000000,110400.00000000,110559.99000000,110400.00000000,110557.12000000,10.65102000,1748351819999999,1177021.43350880,1328,8.58507000,948747.69124570,0
1748351820000000,110557.12000000,110790.52000000,110557.12000000,110772.10000000,35.41332000,1748351879999999,3919527.35987450,3623,22.60977000,2502501.23768720,0
1748351880000000,110772.10000000,110793.10000000,110702.00000000,110727.78000000,23.68846000,1748351939999999,2623727.91815410,3015,14.12305000,1564343.11115170,0
1748351940000000,110727.78000000,110787.45000000,110645.81000000,110730.00000000,16.58412000,1748351999999999,1836351.72721550,3351,7.82172000,866033.71021910,0
1748352000000000,110728.76000000,110790.61000000,110691.15000000,110724.01000000,12.09023000,1748352059999999,1338955.42924830,1572,5.88168000,651382.88806420,0
1748352060000000,110724.01000000,110726.00000000,110579.25000000,110602.03000000,10.97285000,1748352119999999,1214102.49337220,1205,3.47225000,384201.28869560,0
1748352120000000,110603.99000000,110616.85000000,110484.02000000,110502.01000000,14.68202000,1748352179999999,1623110.95959340,1730,2.77716000,306989.13530410,0
1748352180000000,110498.01000000,110540.46000000,110454.94000000,110454.95000000,10.80756000,1748352239999999,1194291.28814010,1015,5.82340000,643545.13028710,0
1748352240000000,110454.95000000,110554.01000000,110413.14000000,110470.63000000,11.79227000,1748352299999999,1303024.16742040,1811,4.79256000,529580.45350850,0
1748352300000000,110467.83000000,110467.83000000,110292.00000000,110338.00000000,14.12544000,1748352359999999,1558888.10395580,2645,5.73703000,633035.48492420,0
1748352360000000,110339.99000000,110450.41000000,110334.00000000,110443.06000000,3.27442000,1748352419999999,361452.48574840,1142,2.26360000,249866.55035840,0
1748352420000000,110443.06000000,110481.74000000,110330.00000000,110348.02000000,5.26014000,1748352479999999,580729.99236890,1967,1.21069000,133678.54926650,0
1748352480000000,110348.01000000,110448.24000000,110336.00000000,110420.75000000,2.88218000,1748352539999999,318184.37680350,1213,2.13865000,236099.85084820,0
1748352540000000,110420.75000000,110525.84000000,110420.75000000,110525.84000000,5.68439000,1748352599999999,628001.64283430,1880,3.01912000,333530.40736260,0
1748352600000000,110528.64000000,110799.10000000,110528.64000000,110711.87000000,18.99787000,1748352659999999,2102933.84805450,2088,15.88130000,1757922.30850270,0
1748352660000000,110713.78000000,110715.98000000,110556.01000000,110580.00000000,9.09084000,1748352719999999,1005724.29316550,2739,5.56404000,615544.75364700,0
1748352720000000,110580.01000000,110708.03000000,110567.70000000,110600.00000000,23.35743000,1748352779999999,2584368.26815360,2384,13.69769000,1515641.91920310,0
1748352780000000,110600.00000000,110600.00000000,110345.82000000,110396.99000000,23.35800000,1748352839999999,2580446.86275410,2280,13.20300000,1458624.45341970,0
1748352840000000,110392.02000000,110436.67000000,110145.20000000,110204.40000000,35.29323000,1748352899999999,3891702.42561210,3258,19.39277000,2138421.93591640,0
1748352900000000,110204.39000000,110223.14000000,110124.64000000,110204.00000000,23.92636000,1748352959999999,2635975.13749090,1942,16.45998000,1813397.13819540,0
1748352960000000,110202.01000000,110202.01000000,110103.40000000,110176.00000000,13.47015000,1748353019999999,1483893.16219780,2584,9.12395000,1005115.77470900,0
1748353020000000,110176.01000000,110333.01000000,110139.01000000,110296.52000000,9.73381000,1748353079999999,1073066.68393080,2323,5.53156000,609800.63960510,0
1748353080000000,110296.53000000,110356.99000000,110226.01000000,110249.99000000,5.80419000,1748353139999999,640248.59652640,1482,3.27600000,361368.65069940,0
1748353140000000,110249.99000000,110288.45000000,110182.30000000,110281.37000000,5.85434000,1748353199999999,645346.28792060,1250,3.77938000,416611.04521760,0
1748353200000000,110283.57000000,110415.39000000,110283.57000000,110364.95000000,6.85683000,1748353259999999,756625.89752420,1776,4.02750000,444418.44125540,0
1748353260000000,110364.95000000,110379.99000000,110252.05000000,110252.05000000,5.07899000,1748353319999999,560279.83265930,1153,1.31556000,145124.87071480,0
1748353320000000,110252.05000000,110271.99000000,110100.00000000,110102.01000000,10.33967000,1748353379999999,1139393.48189040,1811,2.22015000,244697.62793920,0
1748353380000000,110102.01000000,110250.00000000,110068.64000000,110235.98000000,9.88855000,1748353439999999,1089376.47130730,2141,7.25207000,798912.78315090,0
1748353440000000,110237.99000000,110356.85000000,109821.64000000,110208.00000000,42.24979000,1748353499999999,4653629.92694910,3566,6.00804000,662177.73113710,0
1748353500000000,110207.99000000,110253.73000000,110195.72000000,110249.12000000,7.25053000,1748353559999999,799210.96220970,1402,3.65178000,402517.76512550,0
1748353560000000,110249.13000000,110340.00000000,110249.13000000,110322.00000000,5.28833000,1748353619999999,583266.72864260,1514,3.76359000,415106.60536770,0
1748353620000000,110322.01000000,110352.94000000,110280.01000000,110295.98000000,4.23338000,1748353679999999,466992.29323370,780,2.50520000,276367.10991490,0
1748353680000000,110295.97000000,110378.25000000,110295.97000000,110358.00000000,3.06710000,1748353739999999,338435.41389150,822,1.89343000,208918.32801330,0
1748353740000000,110356.01000000,110356.01000000,110130.06000000,110207.00000000,9.10496000,1748353799999999,1003643.35110570,1385,4.16261000,458797.55057480,0
1748353800000000,110207.00000000,110253.24000000,110092.50000000,110120.97000000,4.83639000,1748353859999999,532731.31220160,1284,1.80097000,198359.55016560,0
1748353860000000,110120.97000000,110130.57000000,109795.89000000,109840.26000000,15.95492000,1748353919999999,1753501.43062680,2203,5.81814000,639129.60647390,0
1748353920000000,109840.26000000,109915.92000000,109772.50000000,109846.89000000,11.10274000,1748353979999999,1219528.58788150,1752,7.67086000,842542.03433000,0
1748353980000000,109846.88000000,109925.31000000,109810.01000000,109925.31000000,4.25283000,1748354039999999,467183.45384320,1670,2.19856000,241523.58483370,0
1748354040000000,109925.31000000,110020.83000000,109919.95000000,109991.75000000,12.13602000,1748354099999999,1334838.44026200,1795,8.34432000,917779.22585250,0
1748354100000000,109991.75000000,110104.98000000,109990.20000000,110016.22000000,17.82667000,1748354159999999,1961178.20618890,1808,14.35701000,1579327.05219040,0
1748354160000000,110016.22000000,110057.98000000,109934.01000000,109957.98000000,4.06121000,1748354219999999,446700.02046810,1576,2.21405000,243566.00083980,0
1748354220000000,109957.99000000,109979.97000000,109924.01000000,109954.01000000,4.11315000,1748354279999999,452282.84714010,721,1.21210000,133271.70397590,0
1748354280000000,109954.00000000,109976.45000000,109896.02000000,109920.46000000,3.55040000,1748354339999999,390296.08515200,728,1.12477000,123653.18126530,0
1748354340000000,109920.45000000,109920.45000000,109858.02000000,109906.02000000,5.67330000,1748354399999999,623350.19475990,629,4.87363000,535473.47355680,0
1748354400000000,109906.01000000,110085.77000000,109886.40000000,110072.86000000,5.17262000,1748354459999999,568985.80558110,1481,2.94533000,323891.30273100,0
1748354460000000,110072.85000000,110082.02000000,110024.00000000,110073.99000000,1.36289000,1748354519999999,149993.75345600,926,0.30675000,33762.60486370,0
1748354520000000,110072.08000000,110091.45000000,110022.01000000,110076.29000000,2.80327000,1748354579999999,308532.53074810,711,0.83478000,91868.57785030,0
1748354580000000,110077.99000000,110152.85000000,110077.99000000,110127.91000000,2.61859000,1748354639999999,288303.34540110,897,2.30311000,253566.44912320,0
1748354640000000,110126.72000000,110126.72000000,110000.01000000,110015.98000000,4.78047000,1748354699999999,526143.01447720,1148,1.50151000,165275.59140810,0
1748354700000000,110015.99000000,110062.39000000,109874.62000000,109899.34000000,5.89483000,1748354759999999,648213.02718860,1174,2.47751000,272392.07715280,0
1748354760000000,109899.34000000,109927.54000000,109876.00000000,109918.01000000,1.46622000,1748354819999999,161132.56126280,680,0.71464000,78535.34296110,0
1748354820000000,109918.02000000,110106.89000000,109918.02000000,110106.88000000,3.26602000,1748354879999999,359360.72309460,1019,2.45602000,270221.12366560,0
1748354880000000,110106.87000000,110106.88000000,110043.79000000,110085.99000000,1.61770000,1748354939999999,178062.33236110,549,0.46461000,51138.48971180,0
1748354940000000,110086.00000000,110190.46000000,110086.00000000,110190.45000000,2.67704000,1748354999999999,294852.71733360,1055,1.69989000,187220.34284210,0
1748355000000000,110184.01000000,110279.28000000,110178.78000000,110246.00000000,8.14638000,1748355059999999,898020.65853880,1576,5.61829000,619330.61414670,0
1748355060000000,110245.99000000,110252.63000000,110195.61000000,110250.01000000,2.22384000,1748355119999999,245126.97543870,518,1.10217000,121495.07703180,0
1748355120000000,110250.01000000,110276.79000000,110216.01000000,110261.85000000,2.78251000,1748355179999999,306778.54959490,886,1.40879000,155324.89294720,0
1748355180000000,110259.80000000,110276.78000000,110210.10000000,110258.01000000,2.27532000,1748355239999999,250855.48172010,487,1.71313000,188873.88646110,0
1748355240000000,110258.00000000,110269.01000000,110192.00000000,110201.45000000,2.50051000,1748355299999999,275609.54721720,538,0.63498000,69992.83223660,0
1748355300000000,110201.45000000,110246.70000000,110133.70000000,110237.99000000,2.54475000,1748355359999999,280383.17616180,689,0.67973000,74902.09681960,0
1748355360000000,110234.85000000,110278.22000000,110198.54000000,110204.01000000,1.99944000,1748355419999999,220418.46725570,808,1.12168000,123657.22365060,0
1748355420000000,110204.00000000,110214.65000000,110145.26000000,110173.69000000,1.67440000,1748355479999999,184495.44364670,611,0.71741000,79051.19086720,0
1748355480000000,110170.03000000,110185.60000000,110121.79000000,110121.79000000,3.61223000,1748355539999999,397893.80908950,758,1.81481000,199897.76598700,0
1748355540000000,110120.00000000,110121.09000000,109990.76000000,110053.13000000,5.16989000,1748355599999999,568929.18458760,1632,1.39381000,153359.98837990,0
1748355600000000,110053.13000000,110144.67000000,110053.13000000,110108.00000000,3.23842000,1748355659999999,356581.25350570,1302,1.08078000,119000.67455690,0
1748355660000000,110108.01000000,110108.01000000,110011.54000000,110081.80000000,3.59960000,1748355719999999,396135.97991450,1124,1.81592000,199836.43112090,0
1748355720000000,110084.75000000,110119.67000000,110023.88000000,110023.88000000,2.79847000,1748355779999999,308047.71831690,1689,0.57487000,63294.14126650,0
1748355780000000,110023.89000000,110027.76000000,109894.00000000,109895.98000000,5.17773000,1748355839999999,569351.08790350,1435,1.54692000,170126.28341570,0
1748355840000000,109894.00000000,109894.00000000,109839.68000000,109884.01000000,4.23531000,1748355899999999,465295.42506080,1205,1.57827000,173396.83972340,0
1748355900000000,109884.01000000,109884.01000000,109735.37000000,109782.40000000,11.41768000,1748355959999999,1253556.09144860,2254,6.25697000,686883.31101550,0
1748355960000000,109782.40000000,109782.40000000,109630.32000000,109630.33000000,11.78811000,1748356019999999,1293049.13344170,1618,1.86633000,204735.03607980,0
1748356020000000,109630.32000000,109760.01000000,109630.00000000,109706.01000000,12.64296000,1748356079999999,1387073.55238810,1205,8.61575000,945360.10648590,0
1748356080000000,109706.01000000,109731.52000000,109647.51000000,109656.41000000,8.28638000,1748356139999999,908860.79667680,987,1.04498000,114634.83168980,0
1748356140000000,109656.40000000,109656.40000000,109608.00000000,109608.01000000,10.31874000,1748356199999999,1131347.55302000,746,1.43482000,157315.69768740,0
1748356200000000,109608.01000000,109664.20000000,109606.00000000,109612.00000000,9.98542000,1748356259999999,1094675.98584770,795,1.61547000,177093.58333300,0
1748356260000000,109612.00000000,109612.01000000,109255.00000000,109259.99000000,53.02288000,1748356319999999,5800286.85953330,5055,8.02768000,878063.39827020,0
1748356320000000,109259.99000000,109280.58000000,108745.45000000,108849.57000000,98.20752000,1748356379999999,10704267.15636870,9438,18.32039000,1996516.42309110,0
1748356380000000,108849.57000000,109128.92000000,108849.56000000,109114.00000000,31.82711000,1748356439999999,3469033.12800750,3691,10.62342000,1157893.73109030,0
1748356440000000,109114.00000000,109309.24000000,109114.00000000,109263.99000000,29.41237000,1748356499999999,3212249.03678860,3250,12.41270000,1355472.67350050,0
1748356500000000,109265.99000000,109347.63000000,109156.60000000,109330.00000000,23.62469000,1748356559999999,2581271.15434080,2624,6.06543000,662832.70315220,0
1748356560000000,109330.01000000,109421.54000000,109321.26000000,109417.98000000,17.29290000,1748356619999999,1891150.80763360,2515,5.47374000,598613.10910020,0
1748356620000000,109417.98000000,109585.32000000,109357.99000000,109530.03000000,30.22337000,1748356679999999,3308987.31590670,3296,10.74046000,1175881.32831020,0
1748356680000000,109533.47000000,109583.31000000,109443.43000000,109449.99000000,13.85434000,1748356739999999,1517430.59855270,2611,2.51728000,275714.57316610,0
1748356740000000,109453.96000000,109453.96000000,109368.62000000,109419.99000000,8.29451000,1748356799999999,907528.58520940,1999,3.59303000,393094.73330630,0
1748356800000000,109420.00000000,109513.63000000,109402.00000000,109509.99000000,2.29148000,1748356859999999,250846.44372070,918,1.29884000,142182.04398200,0
1748356860000000,109510.47000000,109510.47000000,109322.25000000,109387.61000000,5.97269000,1748356919999999,653387.52706590,2200,2.43698000,266559.06715640,0
1748356920000000,109387.61000000,109571.33000000,109374.72000000,109567.99000000,7.81264000,1748356979999999,855583.04105100,1446,5.87584000,643564.72136210,0
1748356980000000,109567.98000000,109630.31000000,109508.34000000,109630.00000000,11.08818000,1748357039999999,1215006.91664500,1676,8.16565000,894804.80625480,0
1748357040000000,109628.11000000,109717.99000000,109594.86000000,109713.70000000,6.14202000,1748357099999999,673399.39340030,1686,4.30020000,471475.58775720,0
1748357100000000,109712.12000000,109731.40000000,109592.67000000,109687.79000000,7.95731000,1748357159999999,872802.68126720,1697,4.42442000,485305.01678650,0
1748357160000000,109687.81000000,109687.81000000,109565.59000000,109565.59000000,3.98098000,1748357219999999,436347.74974620,1297,2.01004000,220279.43596730,0
1748357220000000,109565.60000000,109582.01000000,109500.00000000,109542.00000000,7.82640000,1748357279999999,857243.97985590,1433,2.14728000,235218.31865480,0
1748357280000000,109540.30000000,109641.99000000,109526.01000000,109586.40000000,5.25536000,1748357339999999,575922.37159060,1390,4.13858000,453527.07891050,0
1748357340000000,109586.39000000,109702.59000000,109565.57000000,109617.18000000,3.65879000,1748357399999999,401103.60316160,1080,1.67908000,184060.44033710,0
1748357400000000,109617.19000000,109684.36000000,109542.03000000,109580.02000000,6.91650000,1748357459999999,758115.85835660,1299,3.43377000,376297.58116000,0
1748357460000000,109580.03000000,109626.02000000,109447.37000000,109459.20000000,6.22522000,1748357519999999,681815.29096030,1082,1.80964000,198205.84183390,0
1748357520000000,109459.21000000,109460.00000000,109392.01000000,109392.02000000,4.60940000,1748357579999999,504358.73819530,1169,2.26185000,247482.93905410,0
1748357580000000,109392.03000000,109437.98000000,109391.82000000,109433.91000000,3.31059000,1748357639999999,362250.49443900,775,2.05409000,224756.61337440,0
1748357640000000,109433.91000000,109518.79000000,109412.01000000,109518.78000000,2.11363000,1748357699999999,231337.07024860,829,0.66963000,73290.23596210,0
1748357700000000,109518.78000000,109518.78000000,109345.99000000,109362.39000000,2.22253000,1748357759999999,243186.11545480,1146,0.77181000,84433.79040950,0
1748357760000000,109362.39000000,109362.39000000,109288.84000000,109296.00000000,3.01709000,1748357819999999,329807.14215960,1037,0.72833000,79605.45053340,0
1748357820000000,109296.00000000,109350.00000000,109288.73000000,109320.00000000,6.92612000,1748357879999999,757105.09096140,1377,1.91674000,209532.48569480,0
1748357880000000,109320.01000000,109400.56000000,109268.29000000,109400.56000000,3.94563000,1748357939999999,431379.37806330,1340,3.06053000,334636.42288440,0
1748357940000000,109403.47000000,109463.20000000,109403.47000000,109435.99000000,1.75193000,1748357999999999,191715.55494480,727,1.30277000,142555.60825920,0
1748358000000000,109435.99000000,109451.99000000,109329.25000000,109342.01000000,2.19776000,1748358059999999,240388.13467960,940,1.26008000,137806.83854790,0
1748358060000000,109342.00000000,109410.82000000,109326.01000000,109410.82000000,2.37265000,1748358119999999,259489.67588630,640,1.70660000,186651.51379760,0
1748358120000000,109411.98000000,109411.98000000,109331.26000000,109340.24000000,1.64697000,1748358179999999,180123.62657520,772,0.46595000,50955.97855980,0
1748358180000000,109337.20000000,109337.20000000,109193.38000000,109193.39000000,4.67212000,1748358239999999,510485.84214250,1017,0.86721000,94730.46021540,0
1748358240000000,109193.39000000,109221.99000000,109084.10000000,109198.19000000,11.71354000,1748358299999999,1278390.02658760,1510,4.28843000,468006.89212780,0
1748358300000000,109205.60000000,109286.42000000,109108.00000000,109286.42000000,3.89632000,1748358359999999,425406.56714580,1186,1.40240000,153126.19596220,0
1748358360000000,109278.42000000,109343.00000000,109268.27000000,109334.18000000,2.38345000,1748358419999999,260537.01922310,620,1.59179000,173999.10811160,0
1748358420000000,109334.19000000,109469.99000000,109334.19000000,109445.76000000,4.53618000,1748358479999999,496432.12490690,903,3.12271000,341745.27478980,0
1748358480000000,109445.76000000,109529.99000000,109440.00000000,109526.76000000,7.79089000,1748358539999999,852909.14154130,817,6.60530000,723099.40476680,0
1748358540000000,109526.76000000,109544.50000000,109460.13000000,109467.99000000,2.54337000,1748358599999999,278479.39342980,551,1.70282000,186441.28584270,0
1748358600000000,109468.00000000,109468.00000000,109264.00000000,109305.99000000,14.46742000,1748358659999999,1581789.17542390,1341,3.77364000,412557.03141350,0
1748358660000000,109305.99000000,109450.38000000,109282.00000000,109413.99000000,11.07692000,1748358719999999,1211556.78710800,1076,9.36125000,1023960.28121240,0
1748358720000000,109412.01000000,109412.02000000,109312.30000000,109391.99000000,6.52836000,1748358779999999,713864.58167890,921,2.29089000,250503.75669750,0
1748358780000000,109391.98000000,109480.50000000,109382.00000000,109462.81000000,2.43251000,1748358839999999,266184.74566130,394,1.70488000,186546.33135020,0
1748358840000000,109462.81000000,109589.02000000,109462.81000000,109589.02000000,2.81736000,1748358899999999,308611.97508030,984,2.39010000,261819.69194260,0
1748358900000000,109589.02000000,109716.18000000,109583.05000000,109672.00000000,6.86643000,1748358959999999,752934.65702240,1009,5.74566000,630024.36772230,0
1748358960000000,109670.02000000,109670.02000000,109621.99000000,109630.01000000,2.33081000,1748359019999999,255547.74550840,527,0.66383000,72778.58429360,0
1748359020000000,109630.00000000,109639.66000000,109592.78000000,109593.33000000,1.94355000,1748359079999999,213036.84591830,370,0.86018000,94284.83113640,0
1748359080000000,109593.33000000,109692.00000000,109593.33000000,109655.97000000,3.05427000,1748359139999999,334902.69932030,625,2.00481000,219816.67326210,0
1748359140000000,109655.97000000,109777.91000000,109649.13000000,109715.99000000,6.53016000,1748359199999999,716442.70861860,1263,5.51103000,604618.09832420,0
1748359200000000,109716.01000000,109716.01000000,109556.71000000,109627.67000000,2.71499000,1748359259999999,297578.47888550,1523,1.34880000,147835.38961520,0
1748359260000000,109627.68000000,109714.00000000,109591.46000000,109688.02000000,4.84026000,1748359319999999,530753.57103700,1155,3.83244000,420255.07901650,0
1748359320000000,109688.01000000,109747.22000000,109643.16000000,109655.99000000,5.71671000,1748359379999999,627133.56800580,1272,3.87047000,424603.18621160,0
1748359380000000,109656.00000000,109744.99000000,109656.00000000,109718.00000000,2.86425000,1748359439999999,314199.79349310,587,1.89972000,208366.62854800,0
1748359440000000,109718.01000000,109783.98000000,109699.36000000,109699.36000000,7.26825000,1748359499999999,797669.04071460,1085,4.02888000,442106.41529160,0
1748359500000000,109691.08000000,109692.88000000,109614.44000000,109614.44000000,1.23307000,1748359559999999,135200.80676600,700,0.61828000,67789.07401150,0
1748359560000000,109614.43000000,109686.00000000,109556.72000000,109603.32000000,5.97060000,1748359619999999,654542.68637860,1152,2.29923000,252038.31722450,0
1748359620000000,109603.33000000,109642.00000000,109587.02000000,109627.69000000,2.42810000,1748359679999999,266166.91368520,2595,1.53029000,167743.58264060,0
1748359680000000,109629.99000000,109700.64000000,109564.43000000,109700.64000000,4.59741000,1748359739999999,504041.52097760,1491,2.46657000,270453.98139350,0
1748359740000000,109700.79000000,109746.54000000,109674.01000000,109714.01000000,6.50279000,1748359799999999,713385.74465710,812,5.88016000,645073.96883440,0
1748359800000000,109714.01000000,109741.98000000,109684.52000000,109706.00000000,1.67533000,1748359859999999,183795.02902020,901,1.19506000,131104.78375540,0
1748359860000000,109706.00000000,109965.16000000,109706.00000000,109914.00000000,7.83189000,1748359919999999,860648.98753950,2448,5.57009000,612033.95949810,0
1748359920000000,109914.01000000,109916.00000000,109829.74000000,109883.31000000,4.29568000,1748359979999999,472036.52050770,1221,2.51733000,276622.78680000,0
1748359980000000,109883.30000000,109883.30000000,109785.89000000,109785.89000000,6.92139000,1748360039999999,760050.28518210,774,4.14197000,454804.64155520,0
1748360040000000,109780.86000000,109841.43000000,109761.71000000,109841.43000000,9.15556000,1748360099999999,1005279.69675070,1201,7.10028000,779620.18062100,0
1748360100000000,109841.43000000,109861.95000000,109782.01000000,109828.01000000,5.75604000,1748360159999999,632143.00238840,670,2.16317000,237552.07893760,0
1748360160000000,109828.00000000,109898.01000000,109822.00000000,109898.01000000,6.39485000,1748360219999999,702528.35286340,1474,3.35557000,368636.57845040,0
1748360220000000,109899.99000000,110023.11000000,109899.99000000,109961.80000000,14.71619000,1748360279999999,1618599.72123390,2646,9.46863000,1041409.55890720,0
1748360280000000,109961.81000000,110014.20000000,109944.38000000,109970.00000000,5.03212000,1748360339999999,553416.08089150,911,3.09036000,339868.83706250,0
1748360340000000,109970.01000000,110076.43000000,109970.01000000,110024.73000000,7.29871000,1748360399999999,803127.08398910,1331,5.00686000,550966.73608140,0
1748360400000000,110024.74000000,110137.73000000,109969.85000000,110001.27000000,11.33966000,1748360459999999,1248104.99943310,1497,5.13758000,565484.33622020,0
1748360460000000,110001.27000000,110058.45000000,110000.02000000,110026.01000000,8.09954000,1748360519999999,891181.59580820,1401,4.83333000,531803.70537050,0
1748360520000000,110026.01000000,110087.37000000,110026.01000000,110046.02000000,8.36229000,1748360579999999,920370.68202980,1151,4.00800000,441122.27396670,0
1748360580000000,110046.03000000,110161.87000000,110041.95000000,110075.97000000,15.93160000,1748360639999999,1754356.13265970,2533,9.77009000,1075892.85672650,0
1748360640000000,110077.99000000,110077.99000000,109983.31000000,110062.79000000,9.57970000,1748360699999999,1053903.57901980,1149,6.58585000,724516.53347550,0
1748360700000000,110065.19000000,110154.43000000,110065.19000000,110154.43000000,4.50234000,1748360759999999,495791.94438580,822,2.88745000,317946.25703890,0
1748360760000000,110155.98000000,110174.22000000,110105.99000000,110174.22000000,4.36847000,1748360819999999,481164.23860020,588,0.85299000,93965.48473160,0
1748360820000000,110174.93000000,110199.19000000,110169.92000000,110199.19000000,2.07416000,1748360879999999,228537.27186160,583,1.51733000,167185.23727860,0
1748360880000000,110199.19000000,110289.00000000,110172.47000000,110181.37000000,8.36700000,1748360939999999,922376.20194580,1878,4.55511000,502129.89349340,0
1748360940000000,110181.38000000,110181.38000000,110093.22000000,110113.72000000,1.96573000,1748360999999999,216470.58797590,1245,1.11756000,123053.73654900,0
1748361000000000,110113.73000000,110141.98000000,110079.10000000,110133.81000000,3.28860000,1748361059999999,362071.37261220,1073,1.90006000,209177.65714230,0
1748361060000000,110133.81000000,110186.62000000,110133.81000000,110162.77000000,1.10164000,1748361119999999,121368.33932080,505,0.44770000,49319.72200340,0
1748361120000000,110162.77000000,110172.97000000,110104.01000000,110172.97000000,2.61051000,1748361179999999,287508.69456210,637,0.88377000,97337.93082210,0
1748361180000000,110173.99000000,110265.54000000,110173.98000000,110227.75000000,6.37146000,1748361239999999,702186.92921530,1597,5.01573000,552744.39395200,0
1748361240000000,110226.01000000,110243.25000000,110196.81000000,110238.76000000,2.67691000,1748361299999999,295046.94716300,588,0.76705000,84539.96545580,0
1748361300000000,110238.76000000,110261.75000000,110202.02000000,110223.98000000,2.16890000,1748361359999999,239079.29961470,373,0.53323000,58781.48696120,0
1748361360000000,110223.99000000,110244.00000000,110189.94000000,110192.00000000,3.17931000,1748361419999999,350409.48507400,688,0.83320000,91829.26511390,0
1748361420000000,110192.14000000,110223.98000000,110144.00000000,110152.37000000,2.70004000,1748361479999999,297464.48282330,914,0.69177000,76215.81274020,0
1748361480000000,110152.37000000,110157.19000000,110079.09000000,110150.20000000,4.32077000,1748361539999999,475811.47949550,644,1.35050000,148713.93374140,0
1748361540000000,110150.20000000,110249.82000000,110150.20000000,110190.02000000,4.19928000,1748361599999999,462833.02496660,1190,1.80066000,198439.06345210,0
1748361600000000,110192.22000000,110247.47000000,110172.01000000,110205.53000000,3.91088000,1748361659999999,430982.87354760,1128,2.67883000,295188.83184030,0
1748361660000000,110205.52000000,110212.00000000,110103.99000000,110162.00000000,7.64673000,1748361719999999,842408.54724580,1654,3.02850000,333672.87076770,0
1748361720000000,110163.99000000,110223.99000000,110163.99000000,110190.66000000,1.29236000,1748361779999999,142436.70722470,766,0.73166000,80641.31204220,0
1748361780000000,110190.66000000,110331.00000000,110190.66000000,110331.00000000,7.71626000,1748361839999999,850981.80082420,1873,5.38439000,593846.26031510,0
1748361840000000,110331.00000000,110406.80000000,110331.00000000,110387.98000000,9.36405000,1748361899999999,1033572.98075280,1626,3.64221000,402020.87198090,0
1748361900000000,110387.98000000,110396.00000000,110259.88000000,110259.88000000,4.23584000,1748361959999999,467308.53436260,1620,1.10230000,121592.29206780,0
1748361960000000,110258.01000000,110295.40000000,110186.00000000,110186.00000000,2.44281000,1748362019999999,269322.73159450,1275,0.81797000,90191.63086980,0
1748362020000000,110185.99000000,110193.99000000,110127.98000000,110192.01000000,3.00600000,1748362079999999,331149.37806640,836,1.38060000,152091.39653740,0
1748362080000000,110192.00000000,110192.00000000,110084.63000000,110084.63000000,2.29889000,1748362139999999,253183.74342170,766,0.68331000,75255.32509840,0
1748362140000000,110084.64000000,110188.51000000,110084.64000000,110188.51000000,3.10051000,1748362199999999,341559.77716160,887,1.23857000,136434.39211320,0
1748362200000000,110188.52000000,110202.00000000,110112.91000000,110112.91000000,4.49791000,1748362259999999,495533.24261700,858,0.87644000,96549.34318330,0
1748362260000000,110112.90000000,110112.91000000,110012.50000000,110057.28000000,4.76985000,1748362319999999,524949.42374050,828,2.35455000,259095.50344570,0
1748362320000000,110057.27000000,110092.20000000,110044.03000000,110085.99000000,1.61055000,1748362379999999,177266.35774340,840,0.91626000,100846.70363890,0
1748362380000000,110085.99000000,110172.00000000,110085.99000000,110132.00000000,16.51508000,1748362439999999,1818998.99891670,2042,2.27469000,250534.16276250,0
1748362440000000,110132.00000000,110225.72000000,110132.00000000,110211.17000000,2.63120000,1748362499999999,289953.62673790,894,1.24236000,136893.26282740,0
1748362500000000,110211.17000000,110316.00000000,110208.95000000,110304.01000000,7.28828000,1748362559999999,803761.80707700,1001,5.51544000,608246.90786420,0
1748362560000000,110304.01000000,110321.99000000,110276.20000000,110316.02000000,3.68541000,1748362619999999,406460.93752280,867,2.83123000,312250.05678510,0
1748362620000000,110316.02000000,110327.99000000,110308.01000000,110310.02000000,2.03133000,1748362679999999,224095.10906440,377,0.54934000,60601.98465460,0
1748362680000000,110310.01000000,110310.01000000,110209.82000000,110278.00000000,4.14125000,1748362739999999,456596.28253490,1657,1.59155000,175463.13119450,0
1748362740000000,110278.00000000,110311.99000000,110251.80000000,110294.81000000,2.47279000,1748362799999999,272723.69910430,1750,0.91168000,100539.92315000,0
1748362800000000,110294.82000000,110318.97000000,110273.14000000,110273.14000000,2.34424000,1748362859999999,258565.11930330,1544,1.42420000,157087.07365410,0
1748362860000000,110273.13000000,110325.43000000,110273.13000000,110276.02000000,1.76943000,1748362919999999,195172.53227030,890,1.00179000,110498.52945500,0
1748362920000000,110276.01000000,110331.73000000,110276.01000000,110322.19000000,1.05759000,1748362979999999,116659.49736510,445,0.63118000,69617.58776130,0
1748362980000000,110322.18000000,110329.11000000,110284.78000000,110328.05000000,1.49119000,1748363039999999,164498.21107760,777,0.74409000,82081.00459250,0
1748363040000000,110328.05000000,110340.09000000,110304.39000000,110327.99000000,2.30207000,1748363099999999,253983.64242020,430,1.84390000,203435.28068450,0
1748363100000000,110329.18000000,110329.18000000,110235.96000000,110268.40000000,3.95068000,1748363159999999,435672.17999160,794,1.28404000,141586.13094890,0
1748363160000000,110268.40000000,110279.44000000,110235.87000000,110244.02000000,0.97459000,1748363219999999,107459.70546040,519,0.47521000,52396.25430920,0
1748363220000000,110244.01000000,110244.01000000,110177.78000000,110232.04000000,2.74372000,1748363279999999,302404.54846470,1086,0.67288000,74160.21989500,0
1748363280000000,110233.99000000,110241.68000000,110208.74000000,110222.00000000,1.49092000,1748363339999999,164348.09944650,575,0.30930000,34093.26036670,0
1748363340000000,110220.84000000,110230.26000000,110157.64000000,110163.99000000,2.24479000,1748363399999999,247360.38521500,583,0.71254000,78499.16254830,0
1748363400000000,110163.98000000,110274.57000000,110150.51000000,110271.99000000,2.32646000,1748363459999999,256423.24417400,866,0.88847000,97941.28348730,0
1748363460000000,110272.00000000,110287.99000000,110238.00000000,110272.00000000,1.73202000,1748363519999999,190976.01814210,670,0.31381000,34601.43303480,0
1748363520000000,110273.13000000,110317.35000000,110273.13000000,110299.99000000,1.26268000,1748363579999999,139276.07870000,856,0.58363000,64371.52696290,0
1748363580000000,110299.99000000,110341.39000000,110299.99000000,110305.06000000,1.77075000,1748363639999999,195366.28755450,565,1.08871000,120116.35809120,0
1748363640000000,110305.06000000,110305.06000000,110197.38000000,110243.98000000,2.17510000,1748363699999999,239805.38397700,952,0.76944000,84831.53351160,0
1748363700000000,110243.98000000,110316.48000000,110226.82000000,110316.48000000,1.19320000,1748363759999999,131565.20734690,584,0.90273000,99538.24598600,0
1748363760000000,110316.48000000,110440.14000000,110316.48000000,110438.22000000,2.92205000,1748363819999999,322614.00768450,1747,1.94114000,214303.77801440,0
1748363820000000,110438.23000000,110455.63000000,110393.48000000,110455.63000000,2.95810000,1748363879999999,326647.02136270,1420,1.45683000,160873.32863930,0
1748363880000000,110455.62000000,110455.86000000,110398.00000000,110455.64000000,3.53008000,1748363939999999,389812.41022030,683,0.77198000,85251.55615230,0
1748363940000000,110455.99000000,110542.84000000,110453.15000000,110519.75000000,7.43342000,1748363999999999,821408.97344200,1678,4.53428000,501072.78349840,0
1748364000000000,110518.83000000,110518.83000000,110465.69000000,110511.16000000,12.70022000,1748364059999999,1403295.30486370,1326,1.96800000,217459.36951140,0
1748364060000000,110511.16000000,110538.00000000,110486.53000000,110497.97000000,3.03492000,1748364119999999,335419.88174120,786,1.22978000,135909.74315530,0
1748364120000000,110497.97000000,110503.99000000,110435.94000000,110439.61000000,3.11093000,1748364179999999,343665.43820040,789,1.56369000,172738.98498480,0
1748364180000000,110439.62000000,110448.83000000,110398.31000000,110438.01000000,3.32119000,1748364239999999,366713.50773620,785,2.12871000,235041.90199220,0
1748364240000000,110438.02000000,110503.20000000,110398.22000000,110503.20000000,2.03359000,1748364299999999,224593.78379370,883,1.54605000,170758.45203780,0
1748364300000000,110503.21000000,110544.99000000,110456.00000000,110456.00000000,2.09599000,1748364359999999,231627.63003030,876,0.74998000,82883.23541420,0
1748364360000000,110455.99000000,110500.00000000,110452.00000000,110484.00000000,1.51840000,1748364419999999,167744.22353080,546,1.20888000,133546.25561670,0
1748364420000000,110484.00000000,110561.88000000,110484.00000000,110555.20000000,18.94566000,1748364479999999,2094010.31838790,813,17.93547000,1982381.36907880,0
1748364480000000,110555.20000000,110563.77000000,110518.48000000,110539.99000000,4.19835000,1748364539999999,464087.57989330,1015,2.16579000,239412.71071080,0
1748364540000000,110539.99000000,110555.79000000,110518.46000000,110535.15000000,2.32757000,1748364599999999,257282.64814370,897,1.30202000,143915.79769960,0
1748364600000000,110535.14000000,110536.75000000,110465.61000000,110497.78000000,4.84752000,1748364659999999,535607.67270150,662,1.46070000,161404.61398870,0
1748364660000000,110497.78000000,110513.18000000,110409.60000000,110409.60000000,3.00843000,1748364719999999,332355.55950590,727,1.06026000,117142.21028510,0
1748364720000000,110409.61000000,110503.21000000,110409.60000000,110482.01000000,3.74224000,1748364779999999,413428.01175170,1183,2.33328000,257749.41667720,0
1748364780000000,110482.02000000,110482.02000000,110449.23000000,110471.83000000,2.38463000,1748364839999999,263406.90608340,738,1.43816000,158853.94288750,0
1748364840000000,110469.77000000,110471.95000000,110409.37000000,110419.99000000,2.22944000,1748364899999999,246208.63815590,512,0.71229000,78658.19321950,0
1748364900000000,110419.98000000,110419.98000000,110317.16000000,110350.17000000,2.66507000,1748364959999999,294124.67114850,932,1.19381000,131750.06789330,0
1748364960000000,110350.17000000,110359.20000000,110161.00000000,110161.00000000,8.07295000,1748365019999999,890328.30696080,1348,0.98925000,109121.06118900,0
1748365020000000,110158.73000000,110280.25000000,110102.04000000,110280.25000000,10.39431000,1748365079999999,1145138.06988900,1460,6.51819000,718189.74942590,0
1748365080000000,110280.83000000,110317.16000000,110252.36000000,110317.15000000,3.24020000,1748365139999999,357334.92683070,917,1.55799000,171811.38361700,0
1748365140000000,110317.15000000,110317.16000000,110279.95000000,110279.97000000,1.33408000,1748365199999999,147141.51687240,321,0.24210000,26699.54160240,0
1748365200000000,110279.97000000,110304.00000000,110266.00000000,110297.02000000,4.23360000,1748365259999999,466924.46806970,1123,1.98364000,218767.31854150,0
1748365260000000,110297.89000000,110352.13000000,110297.89000000,110347.97000000,1.66244000,1748365319999999,183414.86363080,1156,0.70848000,78162.43517420,0
1748365320000000,110347.98000000,110395.65000000,110346.01000000,110395.64000000,2.66342000,1748365379999999,293953.55714700,498,1.01209000,111695.97823790,0
1748365380000000,110395.63000000,110444.84000000,110350.10000000,110442.29000000,1.81508000,1748365439999999,200373.31705030,535,0.95075000,104960.42657350,0
1748365440000000,110440.10000000,110473.88000000,110397.94000000,110397.94000000,1.24703000,1748365499999999,137734.24849290,619,0.15402000,17011.27506390,0
1748365500000000,110397.95000000,110448.00000000,110397.94000000,110428.01000000,1.55483000,1748365559999999,171694.89435680,488,0.80116000,88464.27525990,0
1748365560000000,110428.01000000,110474.48000000,110426.01000000,110446.59000000,1.95802000,1748365619999999,216272.34708360,2956,1.18203000,130557.42233530,0
1748365620000000,110446.02000000,110519.18000000,110437.49000000,110507.18000000,3.41728000,1748365679999999,377539.43034810,1036,2.95379000,326338.09724550,0
1748365680000000,110507.18000000,110512.20000000,110470.00000000,110474.02000000,2.61242000,1748365739999999,288658.95844930,639,1.05458000,116524.34729210,0
1748365740000000,110474.01000000,110474.02000000,110378.01000000,110385.01000000,3.70286000,1748365799999999,408891.08400040,1097,1.66017000,183318.64133930,0
1748365800000000,110385.01000000,110408.44000000,110232.00000000,110235.89000000,8.33414000,1748365859999999,919146.38809730,1132,3.14226000,346532.36065320,0
1748365860000000,110235.89000000,110235.91000000,110173.52000000,110192.01000000,4.15189000,1748365919999999,457569.70129390,882,1.14112000,125753.10926070,0
1748365920000000,110193.99000000,110221.40000000,110193.99000000,110215.97000000,1.81782000,1748365979999999,200342.96288310,416,0.68750000,75768.35624980,0
1748365980000000,110215.97000000,110235.89000000,110177.45000000,110186.00000000,1.90029000,1748366039999999,209428.69321800,605,0.32873000,36229.31768070,0
1748366040000000,110185.99000000,110220.00000000,110185.99000000,110191.57000000,1.02583000,1748366099999999,113052.52812660,573,0.48261000,53182.58563740,0
1748366100000000,110191.99000000,110325.23000000,110186.01000000,110290.01000000,3.69381000,1748366159999999,407241.86411360,988,2.64815000,291979.10523620,0
1748366160000000,110290.00000000,110290.00000000,110200.00000000,110211.35000000,3.32469000,1748366219999999,366511.84545900,842,1.89581000,209003.40964000,0
1748366220000000,110211.99000000,110220.01000000,110211.99000000,110214.23000000,0.49824000,1748366279999999,54914.68859940,191,0.28028000,30892.20204780,0
1748366280000000,110214.23000000,110276.65000000,110170.90000000,110205.41000000,3.49385000,1748366339999999,385103.85131960,1431,1.81246000,199769.67024410,0
1748366340000000,110205.41000000,110305.99000000,110205.41000000,110209.54000000,3.48943000,1748366399999999,384740.35395680,1249,1.75797000,193809.30850200,0
1748366400000000,110209.54000000,110265.98000000,110204.00000000,110216.54000000,1.70595000,1748366459999999,188050.23782710,576,1.03295000,113854.21030150,0
1748366460000000,110216.54000000,110216.54000000,110154.00000000,110154.02000000,1.54233000,1748366519999999,169928.85456860,463,0.58912000,64899.75032400,0
1748366520000000,110156.21000000,110168.00000000,110125.69000000,110133.99000000,2.69364000,1748366579999999,296687.96054040,711,0.57817000,63675.15328910,0
1748366580000000,110133.99000000,110133.99000000,110067.76000000,110093.65000000,5.35484000,1748366639999999,589581.48429050,633,2.92741000,322322.14911420,0
1748366640000000,110095.97000000,110143.18000000,110052.02000000,110143.17000000,3.62910000,1748366699999999,399536.44604450,945,0.96747000,106523.03417240,0
1748366700000000,110143.17000000,110182.78000000,110088.01000000,110175.97000000,2.12190000,1748366759999999,233698.74361220,826,1.05569000,116274.85088560,0
1748366760000000,110175.97000000,110175.97000000,110053.21000000,110073.35000000,1.96748000,1748366819999999,216620.79981580,1261,0.68850000,75791.27024210,0
1748366820000000,110070.01000000,110070.01000000,110029.96000000,110043.98000000,2.87940000,1748366879999999,316860.55892540,289,0.70300000,77361.16364450,0
1748366880000000,110043.99000000,110092.20000000,110028.09000000,110092.20000000,3.06904000,1748366939999999,337803.60692210,1518,2.10040000,231197.22407050,0
1748366940000000,110092.20000000,110188.00000000,110092.20000000,110184.00000000,15.68119000,1748366999999999,1727219.28537260,1843,4.53812000,499902.23850700,0
1748367000000000,110184.00000000,110199.09000000,110134.01000000,110144.01000000,3.49599000,1748367059999999,385145.09611950,1118,1.75765000,193643.43429520,0
1748367060000000,110144.00000000,110203.00000000,110137.90000000,110194.00000000,2.25543000,1748367119999999,248478.88679620,1029,1.08439000,119469.69850570,0
1748367120000000,110194.00000000,110194.00000000,110106.01000000,110106.01000000,1.38951000,1748367179999999,153048.51236150,737,0.32079000,35336.80050200,0
1748367180000000,110106.02000000,110130.00000000,110068.62000000,110068.62000000,2.88790000,1748367239999999,317970.92552870,750,0.49808000,54841.67093930,0
1748367240000000,110068.62000000,110142.02000000,110056.39000000,110140.00000000,2.13714000,1748367299999999,235312.69385960,1186,0.81552000,89792.07787290,0
1748367300000000,110140.13000000,110215.99000000,110139.58000000,110213.77000000,1.09239000,1748367359999999,120341.10275750,1276,0.91272000,100547.47610590,0
1748367360000000,110214.00000000,110245.48000000,110210.03000000,110236.02000000,1.18918000,1748367419999999,131090.48080390,337,0.44055000,48560.79834190,0
1748367420000000,110236.02000000,110246.11000000,110124.00000000,110226.01000000,5.79584000,1748367479999999,638676.48979840,1070,4.10252000,452102.12408710,0
1748367480000000,110226.00000000,110226.00000000,110154.80000000,110154.80000000,1.57459000,1748367539999999,173533.76963090,535,0.14547000,16033.38690500,0
1748367540000000,110154.80000000,110189.95000000,110154.80000000,110189.95000000,1.06438000,1748367599999999,117261.55232800,305,0.69071000,76093.26711080,0
1748367600000000,110189.95000000,110273.99000000,110180.76000000,110273.98000000,1.67519000,1748367659999999,184649.53704480,750,1.20322000,132641.10118040,0
1748367660000000,110273.98000000,110354.06000000,110273.98000000,110317.08000000,5.45401000,1748367719999999,601706.94981760,776,1.86427000,205676.12896920,0
1748367720000000,110317.08000000,110340.10000000,110292.01000000,110340.10000000,1.16558000,1748367779999999,128576.23478550,434,0.73700000,81293.01698610,0
1748367780000000,110341.84000000,110363.93000000,110317.99000000,110355.99000000,2.39358000,1748367839999999,264085.00300390,275,1.04998000,115851.45200860,0
1748367840000000,110355.98000000,110417.60000000,110355.98000000,110385.81000000,2.57295000,1748367899999999,284016.56417950,648,1.86405000,205761.36053320,0
1748367900000000,110385.80000000,110428.64000000,110381.61000000,110428.64000000,2.17416000,1748367959999999,240034.43929850,863,1.29509000,142983.56164240,0
1748367960000000,110428.63000000,110437.96000000,110396.46000000,110399.99000000,1.43820000,1748368019999999,158808.00257900,494,0.68582000,75731.23033280,0
1748368020000000,110399.99000000,110428.00000000,110390.00000000,110424.05000000,0.76180000,1748368079999999,84104.57256080,557,0.24051000,26554.30898730,0
1748368080000000,110424.05000000,110429.28000000,110408.01000000,110418.00000000,2.49435000,1748368139999999,275421.37942830,522,0.64726000,71469.17691690,0
1748368140000000,110418.01000000,110442.00000000,110378.35000000,110442.00000000,1.86838000,1748368199999999,206287.38618910,775,1.04958000,115891.19203000,0
1748368200000000,110442.00000000,110442.00000000,110405.60000000,110405.60000000,0.76765000,1748368259999999,84773.19473130,484,0.09355000,10331.44817170,0
1748368260000000,110405.60000000,110405.60000000,110333.40000000,110356.71000000,5.86395000,1748368319999999,647096.38848730,792,2.29331000,253060.84152270,0
1748368320000000,110356.72000000,110401.21000000,110345.44000000,110345.44000000,1.32807000,1748368379999999,146592.20857230,505,0.40975000,45223.47985800,0
1748368380000000,110345.45000000,110365.99000000,110345.45000000,110353.57000000,1.05303000,1748368439999999,116203.91720700,504,0.51938000,57312.84519010,0
1748368440000000,110351.87000000,110351.87000000,110328.41000000,110328.41000000,0.98076000,1748368499999999,108212.82955000,300,0.40017000,44154.25367100,0
1748368500000000,110328.41000000,110339.58000000,110294.80000000,110294.80000000,1.45123000,1748368559999999,160099.61808690,280,0.30325000,33455.87067870,0
1748368560000000,110294.80000000,110356.02000000,110283.33000000,110356.02000000,3.29135000,1748368619999999,363106.32792990,717,1.03476000,114146.62583020,0
1748368620000000,110356.03000000,110361.65000000,110329.82000000,110359.43000000,2.82775000,1748368679999999,312043.18915960,917,0.43736000,48259.27050830,0
1748368680000000,110359.44000000,110364.23000000,110359.43000000,110364.01000000,0.35145000,1748368739999999,38787.37976540,180,0.11452000,12638.79329180,0
1748368740000000,110364.01000000,110364.02000000,110304.01000000,110304.01000000,1.29590000,1748368799999999,142969.50824260,922,0.24130000,26619.87287250,0
1748368800000000,110304.02000000,110368.11000000,110296.01000000,110366.06000000,0.88850000,1748368859999999,98015.61551320,764,0.45855000,50584.72366360,0
1748368860000000,110366.05000000,110366.05000000,110350.00000000,110350.00000000,0.84227000,1748368919999999,92955.15179370,169,0.14936000,16483.67146740,0
1748368920000000,110350.21000000,110350.21000000,110242.10000000,110318.00000000,4.54126000,1748368979999999,500836.87030460,842,3.05582000,337000.98823800,0
1748368980000000,110317.99000000,110339.66000000,110296.90000000,110323.99000000,2.32666000,1748369039999999,256667.76842270,556,1.08803000,120015.61284830,0
1748369040000000,110323.98000000,110356.00000000,110314.40000000,110356.00000000,1.28548000,1748369099999999,141818.73568330,405,0.80674000,89003.33851310,0
1748369100000000,110355.99000000,110447.50000000,110355.99000000,110447.50000000,1.55317000,1748369159999999,171475.91793260,854,1.05636000,116624.54007970,0
1748369160000000,110447.49000000,110478.01000000,110400.00000000,110413.99000000,3.79972000,1748369219999999,419663.21377930,587,1.16383000,128544.92089200,0
1748369220000000,110413.99000000,110452.71000000,110413.99000000,110444.41000000,1.58854000,1748369279999999,175428.60511660,893,0.96331000,106379.39308650,0
1748369280000000,110444.42000000,110444.42000000,110363.88000000,110374.01000000,2.88085000,1748369339999999,318055.14420230,681,0.22711000,25067.52190650,0
1748369340000000,110374.00000000,110374.00000000,110346.00000000,110360.68000000,0.90667000,1748369399999999,100063.05254000,561,0.21819000,24078.94342810,0
1748369400000000,110360.67000000,110360.67000000,110314.42000000,110314.42000000,0.62078000,1748369459999999,68496.49054180,485,0.07615000,8402.67142680,0
1748369460000000,110314.45000000,110314.45000000,110211.72000000,110217.96000000,2.60467000,1748369519999999,287159.88696150,516,0.39939000,44023.75687200,0
1748369520000000,110217.97000000,110220.00000000,110192.00000000,110207.99000000,2.12600000,1748369579999999,234296.95519170,528,0.27505000,30313.71068700,0
1748369580000000,110207.99000000,110238.15000000,110181.79000000,110238.15000000,2.60485000,1748369639999999,287087.70255320,2939,1.47086000,162102.80862020,0
1748369640000000,110238.15000000,110238.16000000,110190.00000000,110198.01000000,1.69862000,1748369699999999,187198.05861290,597,0.54321000,59860.49725240,0
1748369700000000,110198.01000000,110216.32000000,110187.03000000,110216.32000000,0.55373000,1748369759999999,61023.97891430,393,0.39135000,43129.47246870,0
1748369760000000,110216.33000000,110225.34000000,110205.87000000,110209.99000000,1.23297000,1748369819999999,135894.06911850,315,0.44281000,48805.14424480,0
1748369820000000,110210.00000000,110334.92000000,110210.00000000,110334.92000000,2.40123000,1748369879999999,264725.84521870,1116,2.11749000,233440.27263300,0
1748369880000000,110334.93000000,110334.93000000,110260.99000000,110261.00000000,2.00099000,1748369939999999,220709.20192540,429,0.06490000,7159.57297040,0
1748369940000000,110261.00000000,110353.28000000,110261.00000000,110324.89000000,3.50057000,1748369999999999,386199.75298820,1405,2.99699000,330634.25090420,0
1748370000000000,110324.89000000,110324.90000000,110198.00000000,110201.31000000,3.51275000,1748370059999999,387220.92777600,1165,1.31833000,145287.35881300,0
1748370060000000,110201.30000000,110292.01000000,110201.30000000,110227.61000000,2.82862000,1748370119999999,311844.85848160,901,1.92114000,211799.61842330,0
1748370120000000,110226.02000000,110226.02000000,110174.08000000,110192.00000000,4.41772000,1748370179999999,486839.37720990,960,2.64789000,291797.26907170,0
1748370180000000,110192.00000000,110206.00000000,110185.79000000,110195.98000000,0.62897000,1748370239999999,69310.35995060,391,0.33712000,37149.36344830,0
1748370240000000,110195.98000000,110216.02000000,110184.00000000,110187.80000000,1.90560000,1748370299999999,210003.10357600,932,0.75820000,83550.10368050,0
1748370300000000,110187.80000000,110187.81000000,110174.53000000,110178.02000000,0.83644000,1748370359999999,92163.36693310,286,0.22898000,25230.28926980,0
1748370360000000,110178.02000000,110184.00000000,110174.53000000,110174.53000000,0.85549000,1748370419999999,94256.71499560,388,0.50515000,55656.92535230,0
1748370420000000,110174.53000000,110186.02000000,110174.53000000,110186.01000000,0.75355000,1748370479999999,83026.65825160,162,0.60405000,66554.03145730,0
1748370480000000,110186.01000000,110186.02000000,110149.46000000,110154.01000000,2.74101000,1748370539999999,301939.96980280,1342,1.52529000,168020.55128740,0
1748370540000000,110154.01000000,110154.01000000,110113.96000000,110124.00000000,1.44017000,1748370599999999,158616.70436470,820,0.04618000,5085.28556920,0
1748370600000000,110124.00000000,110173.89000000,110124.00000000,110173.89000000,1.79178000,1748370659999999,197362.62310160,274,0.47257000,52054.19505910,0
1748370660000000,110173.88000000,110207.75000000,110162.00000000,110194.36000000,3.79197000,1748370719999999,417786.78513250,625,2.53302000,279083.58682130,0
1748370720000000,110194.37000000,110224.41000000,110180.53000000,110180.53000000,1.20642000,1748370779999999,132948.88222400,717,0.36358000,40067.62711750,0
1748370780000000,110180.54000000,110193.50000000,110119.45000000,110119.45000000,1.24178000,1748370839999999,136794.20805710,516,0.06740000,7425.94575610,0
1748370840000000,110116.41000000,110145.99000000,110116.41000000,110144.00000000,0.56622000,1748370899999999,62359.52157290,291,0.26202000,28855.80186720,0
1748370900000000,110142.83000000,110181.71000000,110126.44000000,110158.01000000,1.58052000,1748370959999999,174107.99347680,589,0.41247000,45435.97413540,0
1748370960000000,110158.01000000,110163.99000000,110126.63000000,110161.79000000,0.33490000,1748371019999999,36889.29186410,401,0.08400000,9252.99841910,0
1748371020000000,110161.79000000,110245.13000000,110161.79000000,110245.13000000,1.35923000,1748371079999999,149779.84761320,356,0.87047000,95927.40100920,0
1748371080000000,110245.14000000,110265.54000000,110241.99000000,110265.53000000,0.86859000,1748371139999999,95765.69805110,306,0.67421000,74333.02759460,0
1748371140000000,110265.53000000,110265.54000000,110158.63000000,110158.64000000,1.99200000,1748371199999999,219546.72589010,611,0.12116000,13358.60911450,0
1748371200000000,110158.63000000,110158.63000000,109968.76000000,109999.00000000,5.15720000,1748371259999999,567463.49995090,1265,1.05209000,115750.53964550,0
1748371260000000,109999.01000000,110004.38000000,109965.33000000,110004.37000000,2.04648000,1748371319999999,225090.74217720,567,0.88100000,96898.26887360,0
1748371320000000,110004.38000000,110035.99000000,109978.00000000,109978.01000000,1.20761000,1748371379999999,132841.17232980,900,0.26870000,29563.43729670,0
1748371380000000,109978.01000000,109987.18000000,109951.29000000,109982.02000000,1.65232000,1748371439999999,181718.63380810,571,0.35532000,39074.66076520,0
1748371440000000,109982.02000000,109998.00000000,109939.55000000,109995.20000000,2.26580000,1748371499999999,249172.95367890,881,1.25185000,137663.40944110,0
1748371500000000,109995.20000000,109995.20000000,109937.50000000,109938.09000000,1.15006000,1748371559999999,126464.44324210,328,0.11254000,12376.06099880,0
1748371560000000,109941.98000000,110032.00000000,109941.98000000,110032.00000000,1.16686000,1748371619999999,128338.41048760,462,1.08803000,119670.07676030,0
1748371620000000,110032.00000000,110038.68000000,110006.76000000,110011.98000000,1.93662000,1748371679999999,213065.54941170,293,0.51121000,56239.41252880,0
1748371680000000,110011.99000000,110033.00000000,109996.00000000,110019.99000000,2.25208000,1748371739999999,247756.28319380,444,1.66696000,183383.01816010,0
1748371740000000,110018.02000000,110025.98000000,109998.96000000,110022.67000000,0.71254000,1748371799999999,78387.31249310,504,0.44024000,48431.05768510,0
1748371800000000,110022.68000000,110045.98000000,110022.67000000,110045.92000000,0.56665000,1748371859999999,62352.08844590,272,0.22713000,24992.72959790,0
1748371860000000,110045.03000000,110045.04000000,110009.20000000,110009.20000000,1.52809000,1748371919999999,168133.81487520,371,0.42180000,46408.75973610,0
1748371920000000,110009.20000000,110009.20000000,109988.01000000,110000.00000000,0.97350000,1748371979999999,107083.00530420,328,0.31135000,34246.32064110,0
1748371980000000,110000.00000000,110023.19000000,110000.00000000,110000.80000000,1.34889000,1748372039999999,148392.76046460,300,0.49352000,54291.99937390,0
1748372040000000,110000.50000000,110007.98000000,109998.01000000,110006.29000000,0.27201000,1748372099999999,29922.08650030,150,0.15404000,16944.89325250,0
1748372100000000,110006.28000000,110006.28000000,109954.00000000,109954.00000000,0.53543000,1748372159999999,58885.26923170,352,0.00622000,684.13579020,0
1748372160000000,109954.00000000,109980.00000000,109895.00000000,109934.93000000,8.30537000,1748372219999999,912999.80246360,734,4.08117000,448649.72864070,0
1748372220000000,109934.94000000,109962.01000000,109934.93000000,109962.01000000,1.11285000,1748372279999999,122357.25006500,290,0.60466000,66481.19713210,0
1748372280000000,109962.00000000,109962.01000000,109952.00000000,109952.01000000,0.79130000,1748372339999999,87011.22919900,152,0.02907000,3196.51145660,0
1748372340000000,109952.00000000,109969.99000000,109949.98000000,109953.81000000,0.60783000,1748372399999999,66837.11328150,339,0.24370000,26795.74857780,0
1748372400000000,109953.80000000,109953.80000000,109873.25000000,109881.27000000,2.37756000,1748372459999999,261307.99447510,628,0.10246000,11261.25972080,0
1748372460000000,109881.28000000,109910.91000000,109877.20000000,109891.05000000,2.41190000,1748372519999999,265060.43146840,449,1.64289000,180547.49284480,0
1748372520000000,109891.05000000,109891.05000000,109810.99000000,109828.02000000,2.84374000,1748372579999999,312320.85140010,1137,1.24583000,136814.14015120,0
1748372580000000,109828.02000000,109833.35000000,109812.03000000,109812.03000000,0.96844000,1748372639999999,106361.33571090,329,0.31693000,34807.95696030,0
1748372640000000,109812.04000000,109928.81000000,109778.50000000,109867.99000000,9.21675000,1748372699999999,1012270.05212610,1065,6.60836000,725798.04878550,0
1748372700000000,109867.99000000,109905.57000000,109867.99000000,109905.56000000,3.11074000,1748372759999999,341810.62947070,891,2.81912000,309767.85484100,0
1748372760000000,109905.56000000,109905.57000000,109802.26000000,109812.00000000,9.47345000,1748372819999999,1040549.34438190,723,2.94395000,323321.31250320,0
1748372820000000,109812.00000000,109877.99000000,109812.00000000,109875.77000000,3.79025000,1748372879999999,416322.96474260,750,1.96494000,215824.29750130,0
1748372880000000,109872.76000000,109891.58000000,109868.02000000,109891.58000000,0.42650000,1748372939999999,46864.13524780,191,0.33326000,36619.04566280,0
1748372940000000,109891.58000000,109891.58000000,109846.08000000,109860.00000000,1.73182000,1748372999999999,190250.55470940,306,1.32581000,145644.11713230,0
1748373000000000,109859.99000000,109859.99000000,109818.57000000,109818.57000000,0.71450000,1748373059999999,78478.57087390,395,0.04063000,4462.27901550,0
1748373060000000,109818.58000000,109818.58000000,109748.90000000,109748.91000000,1.38779000,1748373119999999,152353.52266700,1398,0.15699000,17234.22814190,0
1748373120000000,109748.90000000,109748.91000000,109728.54000000,109745.89000000,0.62043000,1748373179999999,68082.93500970,410,0.30017000,32938.86209530,0
1748373180000000,109745.89000000,109745.89000000,109666.66000000,109714.35000000,6.55509000,1748373239999999,719051.46924930,1630,1.00841000,110612.28440090,0
1748373240000000,109714.34000000,109822.43000000,109712.76000000,109822.40000000,3.88152000,1748373299999999,426170.46654830,1047,2.95313000,324254.56467050,0
1748373300000000,109822.40000000,109822.40000000,109762.00000000,109764.19000000,1.40541000,1748373359999999,154295.61419150,586,0.66097000,72562.81453950,0
1748373360000000,109764.20000000,109764.20000000,109735.98000000,109737.85000000,0.92919000,1748373419999999,101975.13286480,192,0.11197000,12288.24739560,0
1748373420000000,109737.84000000,109737.84000000,109650.86000000,109650.86000000,3.40346000,1748373479999999,373417.16833460,669,0.36535000,40083.27834910,0
1748373480000000,109650.86000000,109748.83000000,109650.85000000,109702.02000000,5.57071000,1748373539999999,611197.55790640,684,5.40877000,593431.93980770,0
1748373540000000,109702.02000000,109766.11000000,109698.87000000,109766.11000000,1.68624000,1748373599999999,185019.39372740,1214,1.10118000,120831.20513200,0
1748373600000000,109766.11000000,109776.33000000,109711.75000000,109718.00000000,2.37731000,1748373659999999,260912.14520770,626,0.97970000,107522.96752080,0
1748373660000000,109718.00000000,109736.00000000,109710.21000000,109732.41000000,4.34441000,1748373719999999,476710.48158630,572,4.01117000,440146.89885430,0
1748373720000000,109733.24000000,109774.00000000,109720.96000000,109742.98000000,2.23524000,1748373779999999,245294.04890470,930,1.04717000,114909.50872240,0
1748373780000000,109742.98000000,109759.99000000,109716.86000000,109759.99000000,1.49038000,1748373839999999,163538.78751350,334,0.74805000,82084.93385050,0
1748373840000000,109759.99000000,109760.00000000,109722.01000000,109733.98000000,0.75554000,1748373899999999,82913.83063000,454,0.21580000,23681.31390850,0
1748373900000000,109733.98000000,109733.98000000,109712.00000000,109730.81000000,0.42149000,1748373959999999,46248.73346290,252,0.21254000,23321.85997740,0
1748373960000000,109730.81000000,109733.75000000,109711.90000000,109728.01000000,2.06948000,1748374019999999,227073.25348540,531,1.59905000,175454.31678840,0
1748374020000000,109728.02000000,109728.02000000,109720.00000000,109720.00000000,0.57178000,1748374079999999,62739.19763410,99,0.28247000,30994.34335280,0
1748374080000000,109720.00000000,109720.00000000,109630.32000000,109682.76000000,2.78797000,1748374139999999,305716.38273070,1000,0.85714000,93988.61479820,0
1748374140000000,109682.76000000,109712.67000000,109667.61000000,109707.98000000,1.22779000,1748374199999999,134680.03464700,1834,0.56531000,62009.47305410,0
1748374200000000,109707.99000000,109796.26000000,109707.99000000,109796.26000000,1.43688000,1748374259999999,157711.66939100,1430,1.14954000,126173.78216340,0
1748374260000000,109796.26000000,109829.99000000,109712.69000000,109725.44000000,3.36628000,1748374319999999,369598.89459590,1062,0.36347000,39902.14465660,0
1748374320000000,109723.27000000,109789.86000000,109723.27000000,109771.20000000,1.62132000,1748374379999999,177969.03486900,399,0.83337000,91471.40913180,0
1748374380000000,109771.20000000,109771.20000000,109722.31000000,109745.34000000,2.34291000,1748374439999999,257125.22438530,679,1.57271000,172592.94378270,0
1748374440000000,109745.34000000,109745.34000000,109673.75000000,109726.02000000,1.80703000,1748374499999999,198272.58228930,800,0.96368000,105736.32323210,0
1748374500000000,109726.01000000,109741.87000000,109700.04000000,109700.04000000,1.34831000,1748374559999999,147937.96520440,421,0.32016000,35129.99293640,0
1748374560000000,109700.05000000,109719.98000000,109692.01000000,109707.95000000,1.53379000,1748374619999999,168267.91301680,356,0.15757000,17285.71867410,0
1748374620000000,109707.95000000,109752.20000000,109702.00000000,109752.20000000,1.72195000,1748374679999999,188912.22951940,309,1.39790000,153362.18338090,0
1748374680000000,109752.20000000,109797.38000000,109752.02000000,109797.38000000,1.11470000,1748374739999999,122360.09352200,515,0.56780000,62325.43489780,0
1748374740000000,109797.38000000,109978.37000000,109796.00000000,109978.01000000,7.71022000,1748374799999999,847141.50869040,880,6.22144000,683522.56384110,0
1748374800000000,109976.01000000,109976.01000000,109952.01000000,109953.98000000,0.59797000,1748374859999999,65752.10899700,215,0.24699000,27157.52882920,0
1748374860000000,109953.98000000,110086.32000000,109953.98000000,110064.01000000,4.37182000,1748374919999999,481059.01888630,1093,3.26928000,359726.74462350,0
1748374920000000,110064.01000000,110116.26000000,110054.00000000,110060.38000000,3.49945000,1748374979999999,385206.60811900,1452,2.00118000,220275.91586430,0
1748374980000000,110060.38000000,110060.38000000,109970.00000000,109978.00000000,1.51221000,1748375039999999,166352.61403780,502,0.39445000,43381.57309680,0
1748375040000000,109979.99000000,109985.99000000,109974.00000000,109974.00000000,0.15250000,1748375099999999,16772.01333010,155,0.11191000,12307.99251450,0
1748375100000000,109974.00000000,109974.00000000,109936.06000000,109966.00000000,0.67565000,1748375159999999,74292.07575440,188,0.28620000,31466.71842910,0
1748375160000000,109966.00000000,109973.99000000,109931.88000000,109973.99000000,2.45791000,1748375219999999,270242.91203180,300,1.75119000,192542.80074630,0
1748375220000000,109973.98000000,110044.00000000,109966.01000000,110014.47000000,1.86313000,1748375279999999,204949.63141180,565,1.28753000,141624.59910110,0
1748375280000000,110014.46000000,110014.46000000,109950.41000000,109950.41000000,2.76071000,1748375339999999,303653.28262000,837,0.35181000,38695.19771630,0
1748375340000000,109950.41000000,109950.41000000,109918.00000000,109918.01000000,1.46690000,1748375399999999,161274.27010800,316,0.06823000,7501.76258230,0
1748375400000000,109918.01000000,109919.98000000,109898.00000000,109917.32000000,3.33984000,1748375459999999,367091.67342580,418,1.41082000,155066.70045820,0
1748375460000000,109917.33000000,109939.40000000,109914.01000000,109925.24000000,2.44243000,1748375519999999,268483.76776920,329,1.93775000,213003.91736440,0
1748375520000000,109928.32000000,109972.95000000,109914.01000000,109972.95000000,2.94559000,1748375579999999,323864.01575150,1379,2.33654000,256900.70055710,0
1748375580000000,109972.95000000,109972.95000000,109933.26000000,109933.27000000,1.78253000,1748375639999999,196010.94557840,265,0.25657000,28214.20828210,0
1748375640000000,109933.26000000,109959.35000000,109920.00000000,109952.82000000,1.85121000,1748375699999999,203537.02992120,406,0.67218000,73903.16207240,0
1748375700000000,109952.81000000,109962.37000000,109870.01000000,109870.01000000,1.74280000,1748375759999999,191562.08403540,614,0.46547000,51167.83635540,0
1748375760000000,109869.33000000,109869.33000000,109831.37000000,109867.31000000,1.37260000,1748375819999999,150780.42378680,439,0.71283000,78304.30070220,0
1748375820000000,109867.32000000,109875.99000000,109858.01000000,109871.99000000,2.99582000,1748375879999999,329136.92435700,306,2.24715000,246880.01537820,0
1748375880000000,109871.98000000,109918.95000000,109867.99000000,109918.94000000,2.21101000,1748375939999999,242970.98060060,306,1.43680000,157882.14054220,0
1748375940000000,109918.94000000,109943.47000000,109844.02000000,109943.46000000,4.08186000,1748375999999999,448604.40218510,608,2.16193000,237610.24444660,0
1748376000000000,109943.47000000,109943.47000000,109834.02000000,109835.98000000,2.60589000,1748376059999999,286314.40838180,527,0.97817000,107476.78192470,0
1748376060000000,109835.99000000,109907.99000000,109830.85000000,109891.82000000,1.54326000,1748376119999999,169543.81377970,1477,0.86700000,95241.91946720,0
1748376120000000,109892.00000000,109892.00000000,109866.00000000,109879.23000000,0.68606000,1748376179999999,75381.73113020,319,0.25682000,28216.95026470,0
1748376180000000,109879.24000000,109949.99000000,109879.24000000,109949.99000000,0.63997000,1748376239999999,70346.12306240,584,0.61649000,67765.22196080,0
1748376240000000,109949.99000000,109955.99000000,109894.16000000,109916.57000000,2.86804000,1748376299999999,315233.97724700,482,1.68086000,184741.00845200,0
1748376300000000,109916.57000000,109916.57000000,109840.01000000,109851.43000000,1.55827000,1748376359999999,171208.15947810,1381,0.60466000,66419.99098280,0
1748376360000000,109851.42000000,109851.42000000,109826.59000000,109832.15000000,1.18658000,1748376419999999,130332.71973460,270,0.23684000,26012.05145590,0
1748376420000000,109832.15000000,109832.15000000,109758.00000000,109791.99000000,1.93291000,1748376479999999,212180.29152560,578,0.76271000,83719.21497770,0
1748376480000000,109791.99000000,109826.00000000,109791.99000000,109826.00000000,0.61591000,1748376539999999,67632.97343010,578,0.59217000,65026.03255060,0
1748376540000000,109825.99000000,109874.68000000,109825.98000000,109874.68000000,1.52496000,1748376599999999,167493.84942300,196,0.99754000,109567.58797820,0
1748376600000000,109874.68000000,109874.68000000,109848.62000000,109869.18000000,0.80755000,1748376659999999,88711.46072950,392,0.57530000,63197.05149860,0
1748376660000000,109869.18000000,109869.18000000,109827.99000000,109827.99000000,0.40911000,1748376719999999,44940.62055280,268,0.20942000,23004.53531250,0
1748376720000000,109827.99000000,109847.99000000,109827.99000000,109847.99000000,0.14228000,1748376779999999,15627.03472880,101,0.07152000,7855.49447280,0
1748376780000000,109847.99000000,109858.39000000,109847.99000000,109858.38000000,0.33487000,1748376839999999,36787.55366370,63,0.20084000,22063.23499230,0
1748376840000000,109858.38000000,109858.38000000,109821.60000000,109821.61000000,0.35808000,1748376899999999,39329.20789060,159,0.00667000,732.57922740,0
1748376900000000,109821.61000000,109935.11000000,109821.50000000,109932.01000000,2.26899000,1748376959999999,249296.20546270,520,2.13231000,234273.32147440,0
1748376960000000,109932.02000000,109932.02000000,109890.00000000,109920.90000000,0.99898000,1748377019999999,109792.43819280,379,0.24406000,26822.05841550,0
1748377020000000,109920.90000000,109950.87000000,109916.00000000,109946.00000000,1.41866000,1748377079999999,155951.98051360,340,1.01163000,111205.19819930,0
1748377080000000,109946.00000000,109946.00000000,109918.00000000,109919.99000000,0.27839000,1748377139999999,30604.08722900,197,0.09054000,9953.85420590,0
1748377140000000,109920.00000000,109922.00000000,109874.00000000,109874.00000000,0.92062000,1748377199999999,101182.03411210,284,0.07626000,8379.66928310,0
1748377200000000,109874.00000000,109919.18000000,109866.00000000,109919.18000000,1.40823000,1748377259999999,154741.46468020,462,1.01144000,111144.03246470,0
1748377260000000,109919.99000000,109920.00000000,109814.01000000,109814.03000000,2.95100000,1748377319999999,324262.03463650,520,0.84685000,93032.62723630,0
1748377320000000,109814.01000000,109837.99000000,109814.01000000,109830.22000000,1.30014000,1748377379999999,142791.69645020,227,0.84856000,93194.24421240,0
1748377380000000,109830.22000000,109878.17000000,109830.22000000,109878.17000000,0.93921000,1748377439999999,103182.50969590,402,0.42725000,46935.23570030,0
1748377440000000,109878.17000000,109950.00000000,109878.17000000,109922.40000000,8.77372000,1748377499999999,964530.35987960,240,4.66059000,512297.30663520,0
1748377500000000,109922.40000000,109937.74000000,109922.40000000,109937.71000000,0.39499000,1748377559999999,43419.48916640,123,0.18097000,19893.53500110,0
1748377560000000,109937.70000000,109937.71000000,109912.00000000,109912.01000000,0.22513000,1748377619999999,24747.45634610,152,0.00954000,1048.70410640,0
1748377620000000,109912.00000000,109921.23000000,109910.01000000,109910.02000000,0.79845000,1748377679999999,87763.44685920,124,0.53338000,58628.01076780,0
1748377680000000,109910.02000000,109910.02000000,109853.99000000,109859.16000000,0.74736000,1748377739999999,82123.61406960,240,0.23799000,26146.79787690,0
1748377740000000,109859.17000000,109871.99000000,109848.02000000,109857.99000000,0.90798000,1748377799999999,99750.27625850,313,0.47282000,51941.80360090,0
1748377800000000,109859.99000000,109879.99000000,109850.01000000,109878.00000000,0.62761000,1748377859999999,68953.41339930,392,0.33668000,36988.96177590,0
1748377860000000,109878.00000000,109881.99000000,109846.59000000,109855.14000000,0.70990000,1748377919999999,77987.01852620,275,0.35261000,38736.16649490,0
1748377920000000,109855.99000000,109892.00000000,109855.98000000,109892.00000000,0.60940000,1748377979999999,66955.44025330,313,0.44341000,48717.92033220,0
1748377980000000,109892.00000000,109912.00000000,109892.00000000,109911.99000000,0.83164000,1748378039999999,91400.28921960,232,0.47127000,51794.54884170,0
1748378040000000,109911.99000000,109912.00000000,109902.00000000,109902.00000000,0.32600000,1748378099999999,35830.59797280,140,0.00258000,283.56367590,0
1748378100000000,109902.01000000,109958.59000000,109902.00000000,109958.59000000,0.79565000,1748378159999999,87463.76251520,197,0.68236000,75009.40881440,0
1748378160000000,109958.58000000,109958.58000000,109886.00000000,109898.00000000,2.24353000,1748378219999999,246607.73754950,331,0.37000000,40660.52720290,0
1748378220000000,109897.99000000,109898.00000000,109848.84000000,109856.01000000,1.76690000,1748378279999999,194124.00886250,390,1.04745000,115073.37578600,0
1748378280000000,109856.01000000,109871.46000000,109856.01000000,109871.46000000,0.64405000,1748378339999999,70757.78113770,116,0.50003000,54935.12815590,0
1748378340000000,109871.46000000,109919.42000000,109871.46000000,109909.99000000,1.51776000,1748378399999999,166782.79922090,322,1.28070000,140726.23801880,0
1748378400000000,109910.00000000,109910.00000000,109801.34000000,109811.79000000,3.08905000,1748378459999999,339354.66778540,521,1.17650000,129231.88279810,0
1748378460000000,109811.78000000,109845.57000000,109809.49000000,109809.49000000,1.60720000,1748378519999999,176517.54149930,266,1.05324000,115672.83523570,0
1748378520000000,109809.48000000,109818.19000000,109755.43000000,109756.00000000,3.72210000,1748378579999999,408655.20173490,497,1.10446000,121268.08226430,0
1748378580000000,109756.01000000,109779.02000000,109756.01000000,109761.35000000,1.39982000,1748378639999999,153665.26539450,243,0.53111000,58303.09051240,0
1748378640000000,109761.34000000,109768.11000000,109746.00000000,109766.01000000,1.40515000,1748378699999999,154219.83755670,184,1.02930000,112966.42669570,0
1748378700000000,109766.00000000,109766.00000000,109748.33000000,109749.23000000,0.48425000,1748378759999999,53148.42800250,119,0.20123000,22084.86524740,0
1748378760000000,109749.22000000,109762.08000000,109737.32000000,109762.08000000,0.90779000,1748378819999999,99625.58761450,266,0.39378000,43216.33924820,0
1748378820000000,109763.66000000,109800.01000000,109763.66000000,109800.00000000,1.22541000,1748378879999999,134532.52023990,191,1.17054000,128509.02886550,0
1748378880000000,109800.00000000,109800.01000000,109760.01000000,109760.01000000,0.66698000,1748378939999999,73225.38820990,262,0.04860000,5335.78346280,0
1748378940000000,109760.00000000,109790.00000000,109760.00000000,109770.01000000,1.20538000,1748378999999999,132327.14553580,346,0.32151000,35294.11428570,0
1748379000000000,109770.00000000,109800.00000000,109770.00000000,109782.01000000,0.76699000,1748379059999999,84205.43450260,332,0.40206000,44138.88306780,0
1748379060000000,109782.01000000,109784.00000000,109778.00000000,109778.00000000,0.11486000,1748379119999999,12609.69057480,66,0.00814000,893.62538100,0
1748379120000000,109778.00000000,109795.33000000,109778.00000000,109786.00000000,0.53664000,1748379179999999,58915.03432550,337,0.18042000,19806.67314300,0
1748379180000000,109786.00000000,109786.00000000,109660.00000000,109660.00000000,4.79353000,1748379239999999,525878.97301610,825,0.57226000,62765.77098480,0
1748379240000000,109660.01000000,109688.00000000,109660.01000000,109688.00000000,1.84611000,1748379299999999,202457.56032770,378,1.38474000,151858.91356600,0
1748379300000000,109688.00000000,109696.00000000,109672.00000000,109684.00000000,1.20521000,1748379359999999,132199.66262180,330,0.40692000,44633.27374640,0
1748379360000000,109683.99000000,109684.00000000,109627.85000000,109629.88000000,3.05513000,1748379419999999,334990.08675180,552,0.32977000,36156.33257860,0
1748379420000000,109629.88000000,109646.17000000,109629.87000000,109646.17000000,0.62076000,1748379479999999,68059.42277580,175,0.27311000,29943.42964520,0
1748379480000000,109646.16000000,109666.21000000,109630.00000000,109630.00000000,3.85145000,1748379539999999,422332.35876260,586,1.88903000,207148.16476890,0
1748379540000000,109630.01000000,109641.76000000,109615.58000000,109618.01000000,1.52267000,1748379599999999,166930.38357940,639,0.50987000,55896.69696650,0
1748379600000000,109618.01000000,109640.00000000,109610.00000000,109640.00000000,0.85788000,1748379659999999,94038.15193680,267,0.67652000,74158.66925940,0
1748379660000000,109640.00000000,109674.69000000,109618.01000000,109674.69000000,6.75112000,1748379719999999,740140.39619470,867,1.53517000,168326.46026720,0
1748379720000000,109673.03000000,109673.03000000,109618.50000000,109620.00000000,2.54622000,1748379779999999,279168.14092580,524,0.42677000,46783.27349460,0
1748379780000000,109620.00000000,109630.00000000,109500.00000000,109508.00000000,4.12358000,1748379839999999,451821.89292090,950,0.53908000,59060.58800890,0
1748379840000000,109508.00000000,109556.00000000,109506.00000000,109523.99000000,12.79573000,1748379899999999,1401391.93478150,739,2.53599000,277742.23266210,0
1748379900000000,109524.00000000,109530.58000000,109503.82000000,109506.00000000,0.49974000,1748379959999999,54728.86110460,97,0.34533000,37817.77985280,0
1748379960000000,109506.00000000,109516.40000000,109506.00000000,109516.39000000,0.43841000,1748380019999999,48010.44581200,62,0.35501000,38876.77888600,0
1748380020000000,109516.39000000,109594.88000000,109516.39000000,109578.73000000,1.43696000,1748380079999999,157426.24213360,353,1.01214000,110873.54279140,0
1748380080000000,109578.74000000,109603.70000000,109578.74000000,109603.70000000,1.31811000,1748380139999999,144455.63313490,94,1.14276000,125236.78244860,0
1748380140000000,109603.70000000,109603.70000000,109603.69000000,109603.70000000,0.07005000,1748380199999999,7677.73855450,10,0.00700000,767.22590000,0
1748380200000000,109603.70000000,109603.70000000,109603.69000000,109603.70000000,0.17484000,1748380259999999,19163.11090350,25,0.17439000,19113.78924300,0
1748380260000000,109603.70000000,109603.70000000,109603.69000000,109603.70000000,0.01532000,1748380319999999,1679.12866750,12,0.01367000,1498.28257900,0
1748380320000000,109603.69000000,109667.59000000,109598.01000000,109667.59000000,3.15240000,1748380379999999,345599.00990200,406,1.75464000,192353.48346940,0
1748380380000000,109667.59000000,109670.73000000,109667.58000000,109670.72000000,0.22982000,1748380439999999,25204.25360010,40,0.12625000,13845.65763210,0
1748380440000000,109670.73000000,109749.18000000,109670.73000000,109749.17000000,0.64822000,1748380499999999,71116.77899710,424,0.57434000,63009.58018920,0
1748380500000000,109749.18000000,109749.18000000,109646.01000000,109646.01000000,1.05884000,1748380559999999,116158.74332550,561,0.03478000,3815.24140640,0
1748380560000000,109646.00000000,109672.00000000,109646.00000000,109671.99000000,1.66774000,1748380619999999,182865.96034270,257,0.44609000,48913.49746300,0
1748380620000000,109672.00000000,109672.00000000,109660.00000000,109661.98000000,0.28028000,1748380679999999,30738.46587390,151,0.03216000,3526.75416170,0
1748380680000000,109661.98000000,109661.98000000,109658.00000000,109658.01000000,0.13848000,1748380739999999,15185.46750000,70,0.06631000,7271.43280850,0
1748380740000000,109658.01000000,109658.01000000,109616.44000000,109623.39000000,1.53666000,1748380799999999,168465.39235810,171,0.26858000,29441.90058940,0
1748380800000000,109623.39000000,109623.39000000,109606.00000000,109606.01000000,0.26148000,1748380859999999,28662.38090000,159,0.04080000,4472.10677320,0
1748380860000000,109606.00000000,109606.00000000,109592.01000000,109592.01000000,0.21864000,1748380919999999,23962.03823360,137,0.06259000,6859.61996590,0
1748380920000000,109592.00000000,109592.01000000,109570.07000000,109570.07000000,0.19503000,1748380979999999,21371.58016740,234,0.00893000,978.62133430,0
1748380980000000,109570.07000000,109570.07000000,109346.85000000,109346.85000000,7.24555000,1748381039999999,792899.17212380,1994,1.52388000,166653.08515500,0
1748381040000000,109346.85000000,109353.99000000,109078.86000000,109258.01000000,22.83628000,1748381099999999,2494030.22920850,3413,6.90965000,754767.87426730,0
1748381100000000,109258.01000000,109258.01000000,109206.01000000,109206.01000000,2.64460000,1748381159999999,288895.73623390,595,0.97132000,106105.79228680,0
1748381160000000,109206.00000000,109206.01000000,109129.69000000,109176.49000000,5.44348000,1748381219999999,594226.88681860,762,3.46218000,377904.03383900,0
1748381220000000,109176.50000000,109294.74000000,109176.50000000,109190.00000000,4.61755000,1748381279999999,504427.64393080,1055,1.80925000,197640.80846890,0
1748381280000000,109190.00000000,109190.00000000,109111.65000000,109111.65000000,2.13449000,1748381339999999,232941.11315810,803,0.86183000,94045.78382690,0
1748381340000000,109111.66000000,109118.56000000,109103.97000000,109114.71000000,1.94765000,1748381399999999,212510.76912970,190,1.50816000,164556.06443760,0
1748381400000000,109114.71000000,109114.72000000,109108.47000000,109108.48000000,0.84157000,1748381459999999,91826.58488290,55,0.17057000,18610.93644800,0
1748381460000000,109108.48000000,109249.99000000,109108.48000000,109249.99000000,7.23133000,1748381519999999,789475.79708450,1201,7.17753000,783601.44238630,0
1748381520000000,109249.98000000,109311.80000000,109249.43000000,109287.97000000,5.43224000,1748381579999999,593664.05043430,1382,4.57365000,499824.25213870,0
1748381580000000,109287.97000000,109287.97000000,109123.80000000,109138.03000000,22.54564000,1748381639999999,2463494.15999620,1596,1.14976000,125484.46094060,0
1748381640000000,109138.03000000,109224.20000000,109138.03000000,109224.02000000,3.39612000,1748381699999999,370791.05551210,628,3.04678000,332635.11047020,0
1748381700000000,109224.01000000,109224.01000000,109138.22000000,109138.22000000,0.89930000,1748381759999999,98183.61750340,543,0.11098000,12112.81206280,0
1748381760000000,109138.23000000,109240.31000000,109138.23000000,109166.44000000,7.75075000,1748381819999999,846396.15617080,631,7.07747000,772878.29126450,0
1748381820000000,109166.43000000,109168.83000000,109130.00000000,109130.00000000,1.41192000,1748381879999999,154122.00869760,378,1.09919000,119985.66731120,0
1748381880000000,109130.00000000,109156.78000000,109038.41000000,109042.16000000,4.21692000,1748381939999999,460032.27613590,1118,2.02040000,220437.23112260,0
1748381940000000,109042.16000000,109062.79000000,109004.23000000,109010.79000000,5.73604000,1748381999999999,625381.28733760,547,1.70519000,185913.83862120,0
1748382000000000,109010.79000000,109023.53000000,109007.88000000,109007.89000000,1.21250000,1748382059999999,132180.01702430,354,0.77294000,84260.15542730,0
1748382060000000,109007.89000000,109046.95000000,108966.77000000,108974.37000000,22.09593000,1748382119999999,2408495.04528090,1881,2.13401000,232631.58016570,0
1748382120000000,108974.37000000,108977.48000000,108952.87000000,108977.47000000,2.05602000,1748382179999999,224035.84852900,260,0.83304000,90773.70207010,0
1748382180000000,108977.48000000,108992.79000000,108977.47000000,108986.24000000,1.00655000,1748382239999999,109697.83086460,136,0.73924000,80565.76732390,0
1748382240000000,108983.71000000,108988.36000000,108970.49000000,108970.50000000,0.18446000,1748382299999999,20102.75277960,152,0.04988000,5435.89800000,0
1748382300000000,108970.50000000,109000.01000000,108966.64000000,108997.83000000,2.62049000,1748382359999999,285573.92887470,410,1.74121000,189754.04502160,0
1748382360000000,108997.83000000,109015.08000000,108985.99000000,109015.07000000,0.56778000,1748382419999999,61887.34080760,140,0.16736000,18243.55830800,0
1748382420000000,109015.08000000,109067.54000000,108994.00000000,109027.25000000,5.70803000,1748382479999999,622407.05062580,527,5.19133000,566074.87478410,0
1748382480000000,109027.25000000,109027.25000000,109000.00000000,109000.01000000,0.36352000,1748382539999999,39627.92230990,341,0.04618000,5034.32718220,0
1748382540000000,109000.00000000,109001.58000000,108996.79000000,109001.58000000,1.04271000,1748382599999999,113654.93262700,193,0.08410000,9166.67415510,0
1748382600000000,109001.59000000,109015.98000000,109001.59000000,109015.97000000,0.42085000,1748382659999999,45877.65283160,202,0.28804000,31399.47116650,0
1748382660000000,109015.98000000,109027.49000000,109015.97000000,109027.49000000,0.17582000,1748382719999999,19167.81021100,60,0.11603000,12649.34552470,0
1748382720000000,109027.50000000,109184.69000000,109027.50000000,109129.00000000,1.86349000,1748382779999999,203378.85615850,1430,1.36239000,148682.67022380,0
1748382780000000,109128.76000000,109128.76000000,109078.85000000,109099.81000000,1.37288000,1748382839999999,149780.03357230,1130,0.63267000,69025.81782640,0
1748382840000000,109099.82000000,109134.05000000,109085.82000000,109134.05000000,1.10898000,1748382899999999,120992.63745830,332,0.93188000,101673.16531810,0
1748382900000000,109134.05000000,109142.23000000,109057.48000000,109063.84000000,2.07256000,1748382959999999,226060.28318640,3754,1.23597000,134805.06110050,0
1748382960000000,109063.84000000,109063.84000000,109046.18000000,109052.00000000,0.97763000,1748383019999999,106615.17177740,303,0.63723000,69493.43025470,0
1748383020000000,109052.00000000,109052.00000000,109050.00000000,109052.00000000,0.96355000,1748383079999999,105076.67740630,111,0.32922000,35901.75889580,0
1748383080000000,109052.00000000,109052.00000000,108896.83000000,108896.83000000,7.82533000,1748383139999999,852396.79727460,1651,0.60698000,66120.63706970,0
1748383140000000,108896.82000000,108979.99000000,108885.00000000,108979.99000000,1.47226000,1748383199999999,160360.29515660,993,1.24160000,135238.59861690,0
1748383200000000,108980.00000000,108994.00000000,108909.58000000,108909.59000000,1.73100000,1748383259999999,188594.02230010,1666,0.66860000,72857.24625110,0
1748383260000000,108909.59000000,108982.00000000,108886.40000000,108977.99000000,2.21366000,1748383319999999,241135.99409600,790,0.66201000,72118.42138660,0
1748383320000000,108977.99000000,109155.79000000,108977.99000000,109142.02000000,4.49077000,1748383379999999,489871.10026130,1381,2.98235000,325298.35660580,0
1748383380000000,109142.02000000,109210.01000000,109136.22000000,109168.85000000,4.91824000,1748383439999999,536928.28696010,1128,3.46371000,378136.15426900,0
1748383440000000,109168.85000000,109208.00000000,109166.00000000,109199.99000000,1.63970000,1748383499999999,179034.53450120,746,0.59172000,64605.32122050,0
1748383500000000,109200.00000000,109252.31000000,109170.68000000,109226.00000000,4.97570000,1748383559999999,543474.48560980,693,4.19757000,458505.64435630,0
1748383560000000,109225.99000000,109228.86000000,109194.01000000,109223.99000000,0.99356000,1748383619999999,108516.07818880,589,0.35393000,38654.63092780,0
1748383620000000,109224.00000000,109224.00000000,109094.00000000,109135.98000000,1.87926000,1748383679999999,205127.55830000,816,0.18866000,20586.63203450,0
1748383680000000,109135.98000000,109160.69000000,109080.01000000,109106.78000000,2.39077000,1748383739999999,260892.82004960,1129,1.08238000,118112.30076520,0
1748383740000000,109106.78000000,109106.78000000,109026.40000000,109038.09000000,1.32874000,1748383799999999,144919.03688190,941,0.47433000,51726.58526410,0
1748383800000000,109034.02000000,109034.02000000,108817.26000000,108853.99000000,8.61876000,1748383859999999,938485.84121290,1376,0.94867000,103287.62274450,0
1748383860000000,108853.99000000,108895.59000000,108825.36000000,108860.01000000,7.59947000,1748383919999999,827264.20473050,630,6.12452000,666722.01757810,0
1748383920000000,108860.01000000,108860.01000000,108817.74000000,108817.74000000,1.33800000,1748383979999999,145611.74773850,241,0.15339000,16692.98717540,0
1748383980000000,108817.74000000,108864.00000000,108800.00000000,108833.84000000,2.84245000,1748384039999999,309301.90683900,789,0.85530000,93072.70445420,0
1748384040000000,108833.84000000,108894.00000000,108830.00000000,108871.98000000,1.92341000,1748384099999999,209370.33013030,885,1.30541000,142101.00078890,0
1748384100000000,108871.98000000,108871.98000000,108780.00000000,108788.00000000,2.87381000,1748384159999999,312670.52382420,1040,0.54316000,59091.43738920,0
1748384160000000,108788.00000000,108834.00000000,108788.00000000,108831.09000000,2.59528000,1748384219999999,282366.74198610,874,1.72771000,187965.76595230,0
1748384220000000,108831.09000000,108831.09000000,108777.01000000,108800.00000000,1.12831000,1748384279999999,122765.76190760,744,0.73648000,80136.70615560,0
1748384280000000,108800.00000000,108919.33000000,108800.00000000,108838.01000000,4.78341000,1748384339999999,520865.66207770,987,3.62641000,394898.79342440,0
1748384340000000,108838.01000000,108848.00000000,108740.01000000,108756.59000000,2.76148000,1748384399999999,300414.84527960,1564,0.33029000,35925.81549340,0
1748384400000000,108756.58000000,108756.58000000,108720.82000000,108733.65000000,1.73132000,1748384459999999,188249.30503260,683,0.59425000,64612.36057990,0
1748384460000000,108733.66000000,108742.00000000,108718.83000000,108736.01000000,0.80880000,1748384519999999,87938.65373210,671,0.54345000,59088.05085090,0
1748384520000000,108736.00000000,108750.00000000,108716.00000000,108716.00000000,0.88211000,1748384579999999,95911.96421040,457,0.25758000,28007.67472090,0
1748384580000000,108716.01000000,108736.00000000,108674.00000000,108674.01000000,3.51336000,1748384639999999,381930.60810810,1149,0.13499000,14675.94960080,0
1748384640000000,108674.01000000,108860.00000000,108661.29000000,108850.27000000,3.17951000,1748384699999999,345789.47739490,1569,1.71231000,186218.48465630,0
1748384700000000,108850.26000000,108960.00000000,108846.01000000,108959.99000000,4.85459000,1748384759999999,528716.31634970,1761,3.79394000,413192.92104680,0
1748384760000000,108959.99000000,108984.40000000,108938.90000000,108974.94000000,3.67197000,1748384819999999,400119.87976250,658,2.31689000,252462.28307300,0
1748384820000000,108974.94000000,108994.69000000,108971.71000000,108973.28000000,0.46898000,1748384879999999,51108.06408450,259,0.13790000,15028.43570750,0
1748384880000000,108973.28000000,108984.00000000,108926.01000000,108929.99000000,1.70070000,1748384939999999,185291.65121290,713,0.32378000,35276.56675080,0
1748384940000000,108930.00000000,108979.99000000,108930.00000000,108962.00000000,1.26693000,1748384999999999,138035.53952380,865,1.04174000,113499.46342720,0
1748385000000000,108961.99000000,108970.00000000,108904.16000000,108970.00000000,1.58026000,1748385059999999,172147.38913080,784,0.63685000,69377.24298710,0
1748385060000000,108970.00000000,108998.00000000,108930.01000000,108944.01000000,3.64335000,1748385119999999,396982.24310470,865,2.53160000,275832.00248890,0
1748385120000000,108939.84000000,109021.62000000,108939.84000000,108986.01000000,6.34634000,1748385179999999,691626.38312620,1147,4.39735000,479190.08026440,0
1748385180000000,108986.02000000,109046.98000000,108986.02000000,109025.79000000,2.38666000,1748385239999999,260208.07787640,772,1.24584000,135817.81919910,0
1748385240000000,109025.80000000,109041.99000000,108986.03000000,109041.99000000,1.62312000,1748385299999999,176937.73356870,1061,0.66523000,72520.83348180,0
1748385300000000,109042.00000000,109060.00000000,109042.00000000,109045.87000000,0.96016000,1748385359999999,104706.17493190,260,0.10580000,11538.00687170,0
1748385360000000,109045.86000000,109077.99000000,109022.02000000,109077.99000000,2.31947000,1748385419999999,252943.05483650,804,0.68029000,74183.26631240,0
1748385420000000,109077.99000000,109125.00000000,109077.99000000,109088.01000000,2.01088000,1748385479999999,219408.76082580,609,1.16827000,127469.12481550,0
1748385480000000,109088.00000000,109135.54000000,109077.04000000,109122.47000000,2.06731000,1748385539999999,225559.03279340,381,1.32748000,144836.80499010,0
1748385540000000,109122.47000000,109122.47000000,109100.00000000,109100.00000000,0.75003000,1748385599999999,81838.60157310,335,0.07720000,8423.95032360,0
1748385600000000,109100.01000000,109149.99000000,109096.00000000,109149.99000000,1.96776000,1748385659999999,214730.44805690,326,1.48182000,161692.85839120,0
1748385660000000,109146.03000000,109146.04000000,109098.65000000,109098.66000000,0.35444000,1748385719999999,38678.48802920,183,0.09494000,10357.83436120,0
1748385720000000,109098.66000000,109098.66000000,109064.00000000,109075.99000000,1.59184000,1748385779999999,173629.74152340,364,0.78707000,85848.30086390,0
1748385780000000,109076.00000000,109097.99000000,109076.00000000,109094.00000000,0.79696000,1748385839999999,86934.00311350,282,0.61396000,66971.08561010,0
1748385840000000,109093.99000000,109134.00000000,109090.00000000,109116.01000000,0.93125000,1748385899999999,101600.00118640,524,0.54351000,59292.79165040,0
1748385900000000,109116.01000000,109118.00000000,109102.03000000,109116.00000000,0.65032000,1748385959999999,70954.56203280,264,0.10767000,11747.88755030,0
1748385960000000,109116.00000000,109162.00000000,109102.01000000,109130.01000000,1.12996000,1748386019999999,123318.68939340,741,0.66947000,73058.84839230,0
1748386020000000,109130.02000000,109149.22000000,109130.02000000,109149.22000000,0.58283000,1748386079999999,63610.84082660,277,0.30063000,32810.47311230,0
1748386080000000,109149.21000000,109168.00000000,109098.01000000,109098.01000000,1.11097000,1748386139999999,121258.29837960,669,0.67404000,73569.12679800,0
1748386140000000,109098.01000000,109098.01000000,109013.99000000,109013.99000000,0.68577000,1748386199999999,74785.30434780,758,0.13663000,14896.09444810,0
1748386200000000,109013.99000000,109013.99000000,108952.01000000,108965.99000000,1.34321000,1748386259999999,146377.75033830,1067,0.72287000,78770.76028380,0
1748386260000000,108966.00000000,109005.99000000,108958.02000000,109000.01000000,0.39594000,1748386319999999,43149.05677220,491,0.19717000,21487.90100810,0
1748386320000000,109000.01000000,109003.99000000,108978.02000000,108978.29000000,0.70040000,1748386379999999,76331.35363760,223,0.01485000,1618.42935950,0
1748386380000000,108978.29000000,109035.99000000,108978.29000000,109020.01000000,1.04628000,1748386439999999,114032.66232520,496,0.96687000,105374.86237170,0
1748386440000000,109020.00000000,109037.99000000,108976.04000000,109014.02000000,2.01470000,1748386499999999,219631.95631210,737,0.50458000,55004.81254140,0
1748386500000000,109014.01000000,109014.01000000,108968.33000000,108990.00000000,0.95445000,1748386559999999,104012.29629020,463,0.68638000,74796.63589240,0
1748386560000000,108990.00000000,109057.99000000,108990.00000000,109057.99000000,1.17723000,1748386619999999,128348.67067350,640,1.07235000,116911.82214540,0
1748386620000000,109058.00000000,109128.00000000,109058.00000000,109128.00000000,1.11055000,1748386679999999,121161.25318240,658,0.78897000,86071.31382010,0
1748386680000000,109128.00000000,109141.99000000,109117.09000000,109134.02000000,1.93900000,1748386739999999,211611.49301010,556,0.78880000,86084.30666820,0
1748386740000000,109134.01000000,109134.01000000,109080.00000000,109096.92000000,3.25732000,1748386799999999,355336.75663780,341,2.78715000,304039.70738620,0
1748386800000000,109081.28000000,109127.18000000,109066.01000000,109127.18000000,2.17357000,1748386859999999,237091.08431650,353,1.92062000,209501.15389680,0
1748386860000000,109127.37000000,109171.13000000,109106.01000000,109149.99000000,1.58254000,1748386919999999,172711.14752600,452,1.28097000,139796.80883580,0
1748386920000000,109149.99000000,109200.00000000,109149.99000000,109154.00000000,1.47072000,1748386979999999,160569.66670210,329,1.09801000,119877.28801140,0
1748386980000000,109150.12000000,109150.12000000,109070.00000000,109070.00000000,0.89215000,1748387039999999,97341.85263630,596,0.01520000,1658.83863980,0
1748387040000000,109070.01000000,109098.96000000,109050.01000000,109098.19000000,1.09709000,1748387099999999,119653.21304630,417,0.87403000,95326.41976350,0
1748387100000000,109098.19000000,109175.12000000,109080.01000000,109142.28000000,2.52768000,1748387159999999,275856.60727820,474,0.83487000,91111.37622550,0
1748387160000000,109142.28000000,109142.28000000,109079.81000000,109107.99000000,1.27959000,1748387219999999,139626.45470130,476,0.38332000,41815.72245810,0
1748387220000000,109108.00000000,109167.99000000,109108.00000000,109165.99000000,2.54612000,1748387279999999,277894.05245150,549,1.01031000,110259.20338740,0
1748387280000000,109166.00000000,109169.91000000,109156.01000000,109156.52000000,0.48207000,1748387339999999,52624.71123010,298,0.23288000,25421.41509760,0
1748387340000000,109154.31000000,109168.00000000,109126.00000000,109139.98000000,0.34599000,1748387399999999,37760.14360180,278,0.22381000,24424.89255740,0
1748387400000000,109139.99000000,109145.99000000,109120.01000000,109145.99000000,1.03531000,1748387459999999,112983.98632610,248,0.90664000,98941.99722920,0
1748387460000000,109145.98000000,109172.52000000,109145.98000000,109163.99000000,0.51047000,1748387519999999,55725.86664380,198,0.43324000,47294.52040370,0
1748387520000000,109163.99000000,109172.00000000,109110.42000000,109133.99000000,1.44579000,1748387579999999,157791.70836430,405,0.39091000,42658.02316450,0
1748387580000000,109134.00000000,109149.94000000,109134.00000000,109142.02000000,0.46233000,1748387639999999,50457.40416590,136,0.42600000,46492.06254700,0
1748387640000000,109142.02000000,109142.02000000,109112.02000000,109119.98000000,1.04030000,1748387699999999,113521.60230160,197,0.41651000,45446.89079750,0
1748387700000000,109122.00000000,109186.00000000,109122.00000000,109184.02000000,0.95068000,1748387759999999,103770.42736240,272,0.94927000,103616.51767520,0
1748387760000000,109184.01000000,109193.68000000,109152.06000000,109156.00000000,1.59714000,1748387819999999,174364.75694810,330,0.60748000,66318.14086970,0
1748387820000000,109157.97000000,109164.00000000,109157.97000000,109163.99000000,0.05662000,1748387879999999,6180.59592710,62,0.01958000,2137.34024370,0
1748387880000000,109163.99000000,109182.00000000,109146.01000000,109182.00000000,0.59618000,1748387939999999,65077.29519170,254,0.43597000,47589.01936660,0
1748387940000000,109182.00000000,109182.00000000,109141.07000000,109141.07000000,3.52423000,1748387999999999,384719.58280860,421,2.74165000,299291.35351930,0
1748388000000000,109141.08000000,109207.29000000,109141.08000000,109207.29000000,2.21987000,1748388059999999,242346.50065090,264,2.04631000,223392.79045650,0
1748388060000000,109207.69000000,109217.39000000,109188.00000000,109198.00000000,1.41485000,1748388119999999,154511.23138360,413,0.47982000,52399.46006670,0
1748388120000000,109198.00000000,109212.87000000,109144.62000000,109149.99000000,2.70190000,1748388179999999,295018.48213380,691,1.36122000,148631.67457220,0
1748388180000000,109150.00000000,109165.38000000,109144.00000000,109158.00000000,2.30949000,1748388239999999,252080.04075420,452,1.75670000,191739.62439080,0
1748388240000000,109158.00000000,109158.00000000,109156.00000000,109157.99000000,0.40981000,1748388299999999,44733.40055250,63,0.02290000,2499.67292700,0
1748388300000000,109158.00000000,109165.87000000,109096.00000000,109096.00000000,1.36948000,1748388359999999,149448.14045670,519,0.06567000,7168.15111040,0
1748388360000000,109096.00000000,109110.00000000,109096.00000000,109099.99000000,0.29735000,1748388419999999,32441.83501040,122,0.17839000,19462.19692890,0
1748388420000000,109100.00000000,109105.12000000,109099.99000000,109103.02000000,0.08227000,1748388479999999,8975.83121500,85,0.07995000,8722.71069510,0
1748388480000000,109103.02000000,109116.00000000,109101.81000000,109112.01000000,0.14569000,1748388539999999,15895.81323220,159,0.14077000,15358.99174960,0
1748388540000000,109112.01000000,109112.01000000,108970.42000000,108982.00000000,1.44109000,1748388599999999,157119.99176940,1381,0.15358000,16738.67562230,0
1748388600000000,108982.00000000,109044.01000000,108981.99000000,109044.00000000,1.23969000,1748388659999999,135132.89647500,1040,0.85903000,93641.59570030,0
1748388660000000,109048.80000000,109050.22000000,109003.69000000,109003.69000000,0.62491000,1748388719999999,68135.29970800,363,0.13306000,14507.95835950,0
1748388720000000,109003.69000000,109052.00000000,109003.69000000,109051.99000000,0.49719000,1748388779999999,54207.71215460,291,0.38438000,41908.45291270,0
1748388780000000,109051.99000000,109103.13000000,109051.99000000,109103.13000000,0.87866000,1748388839999999,95847.76480580,257,0.87565000,95519.39202480,0
1748388840000000,109103.13000000,109103.62000000,109092.21000000,109092.21000000,0.21027000,1748388899999999,22940.64153830,64,0.01095000,1194.67928330,0
1748388900000000,109092.22000000,109094.71000000,109048.00000000,109048.00000000,1.04721000,1748388959999999,114225.57676490,359,0.09502000,10364.86665100,0
1748388960000000,109048.01000000,109077.99000000,109048.00000000,109077.99000000,0.64376000,1748389019999999,70206.45729140,124,0.64262000,70082.12061740,0
1748389020000000,109078.00000000,109078.00000000,109066.01000000,109076.45000000,0.64824000,1748389079999999,70706.39502270,153,0.19554000,21326.90205200,0
1748389080000000,109076.45000000,109138.00000000,109076.45000000,109128.01000000,0.75888000,1748389139999999,82802.96401120,271,0.58005000,63286.11931660,0
1748389140000000,109128.00000000,109136.00000000,109124.01000000,109136.00000000,0.26645000,1748389199999999,29078.84347400,131,0.12925000,14105.42071310,0
1748389200000000,109136.00000000,109209.98000000,109136.00000000,109182.00000000,0.91639000,1748389259999999,100042.57255920,439,0.61847000,67513.29029150,0
1748389260000000,109181.99000000,109181.99000000,109126.01000000,109126.01000000,0.98876000,1748389319999999,107918.59540110,356,0.60946000,66517.06296490,0
1748389320000000,109126.00000000,109168.00000000,109119.76000000,109158.01000000,0.97405000,1748389379999999,106308.36505800,630,0.81990000,89486.37913320,0
1748389380000000,109158.00000000,109158.00000000,109136.27000000,109145.99000000,0.28286000,1748389439999999,30874.97476280,220,0.03000000,3274.20458820,0
1748389440000000,109145.99000000,109145.99000000,109106.02000000,109119.98000000,0.72424000,1748389499999999,79029.39005800,261,0.09909000,10812.15205260,0
1748389500000000,109119.98000000,109119.98000000,109114.34000000,109114.34000000,0.08363000,1748389559999999,9125.47253060,36,0.01885000,2056.80549750,0
1748389560000000,109114.35000000,109170.00000000,109114.35000000,109122.29000000,0.72993000,1748389619999999,79665.74056560,430,0.25577000,27913.77288180,0
1748389620000000,109122.23000000,109145.97000000,109122.23000000,109140.00000000,0.75779000,1748389679999999,82696.07313420,263,0.60436000,65951.77352070,0
1748389680000000,109140.01000000,109140.01000000,109131.99000000,109131.99000000,0.23508000,1748389739999999,25654.83283030,58,0.14627000,15962.78281640,0
1748389740000000,109132.00000000,109149.99000000,109123.89000000,109123.89000000,0.53518000,1748389799999999,58408.20983610,224,0.16311000,17800.47180530,0
1748389800000000,109123.89000000,109123.89000000,109102.01000000,109102.01000000,0.53946000,1748389859999999,58861.79465230,133,0.09236000,10076.75295240,0
1748389860000000,109102.00000000,109102.01000000,109020.01000000,109020.02000000,1.68543000,1748389919999999,183808.72083510,565,0.42816000,46690.00993130,0
1748389920000000,109020.02000000,109029.57000000,109020.02000000,109026.00000000,0.97233000,1748389979999999,106007.83713180,151,0.58524000,63803.69933190,0
1748389980000000,109026.00000000,109026.00000000,109002.00000000,109014.00000000,0.69442000,1748390039999999,75702.32862240,282,0.26820000,29235.92480240,0
1748390040000000,109019.99000000,109034.82000000,109014.01000000,109014.01000000,1.68662000,1748390099999999,183878.01290640,301,0.42686000,46538.98565060,0
1748390100000000,109014.02000000,109036.00000000,109004.66000000,109036.00000000,0.96918000,1748390159999999,105651.55855650,290,0.52223000,56929.45373340,0
1748390160000000,109036.00000000,109058.00000000,109036.00000000,109046.02000000,0.84243000,1748390219999999,91869.82461390,218,0.24978000,27238.36070090,0
1748390220000000,109046.01000000,109046.02000000,109016.00000000,109038.00000000,1.04768000,1748390279999999,114225.05115450,239,0.48113000,52452.61786170,0
1748390280000000,109038.00000000,109044.55000000,108990.00000000,108990.00000000,0.92457000,1748390339999999,100792.32113950,239,0.11708000,12763.57732030,0
1748390340000000,108990.00000000,108992.92000000,108990.00000000,108992.92000000,0.11427000,1748390399999999,12454.47990270,49,0.06750000,7356.88150200,0
